99.9985787 99.8585035 100.0352941 99.9479966 100.0081133 100.0078431 99.9326441 100.1632399 100.9843137 99.9249642 100.3156186 100.9372549 100.0551256 99.994552 100.0 100.0765677 100.1469818 100.9647059 100.0826729 100.2992798 100.9294118 100.0046169 100.3046938 100.9294118 99.9632623 100.3101136 100.9294118 100 100 100 100 100 100 100.0458982 100.3020139 100.9294118 100 100 100 100 100 100 99.9878258 99.8421395 100.0431373 100.0107431 99.8421423 100.0431373 99.973928 99.8747131 100.0352941 100.0229596 99.8721144 100.027451 100 100 100 100 100 100 100 100 100 100 100 100 100 100 100 100 100 100
99.9999845 99.8585419 100.0352941 99.9479899 100.0080857 100.0 99.9326338 100.1632764 100.9843137 99.9249511 100.3156511 100.9372549 100.055125 99.9946 100.0 100.0765396 100.1496435 100.9647059 100.0826912 100.2992616 100.9294118 100.0061505 100.3074388 100.9294118 99.9663451 100.3128623 100.9294118 100 100 100 100 100 100 100.0459217 100.3047601 100.9294118 100 100 100 100 100 100 99.9892667 99.8421708 100.0431373 100.0107389 99.8421803 100.0431373 99.973925 99.8721357 100.0352941 100.0229528 99.8747804 100.027451 100 100 100 100 100 100 100 100 100 100 100 100 100 100 100 100 100 100
99.9985816 99.8585232 100.0352941 99.9479977 100.0080937 100.0078431 99.9326354 100.1632379 100.9843137 99.9249673 100.3156409 100.9372549 100.0551206 99.9945797 100.0 100.078062 100.1496628 100.9647059 100.0826771 100.2992944 100.9294118 100.0061363 100.3020222 100.9294118 99.9647992 100.3074365 100.9294118 100 100 100 100 100 100 100.0459087 100.3020116 100.9294118 100 100 100 100 100 100 99.987837 99.8421485 100.0431373 100.0107451 99.8421506 100.0431373 99.9739309 99.8721049 100.027451 100.022969 99.8747186 100.027451 100 100 100 100 100 100 100 100 100 100 100 100 100 100 100 100 100 100
99.9985754 99.8585178 100.0352941 99.9480014 100.0080724 100.0 99.9326665 100.1631998 100.972549 99.9249723 100.315568 100.9372549 100.0551191 99.9945931 100.0 100.0780835 100.15234 100.9647059 100.0826916 100.2992439 100.9294118 100.0061617 100.3074355 100.9294118 99.9648014 100.3101744 100.9294118 100 100 100 100 100 100 100.0459358 100.3047549 100.9294118 100 100 100 100 100 100 99.9878261 99.84215 100.0431373 100.0107485 99.8421529 100.0431373 99.973938 99.8721086 100.0352941 100.0229736 99.8721327 100.027451 100 100 100 100 100 100 100 100 100 100 100 100 100 100 100 100 100 100
99.9985756 99.8585328 100.0352941 99.9479991 100.0080697 100.0 99.9311581 100.1632858 100.9921569 99.9249656 100.315608 100.9372549 100.0551237 99.9946046 100.0078431 100.0765405 100.1469313 100.9647059 100.082664 100.2966651 100.9294118 100.0061125 100.3020154 100.9294118 99.963323 100.3074542 100.9294118 100 100 100 100 100 100 100.0458845 100.3020006 100.9294118 100 100 100 100 100 100 99.9892745 99.8421587 100.0431373 100.0107419 99.8421809 100.0431373 99.9739366 99.8720832 100.0352941 100.0229642 99.8720729 100.027451 100 100 100 100 100 100 100 100 100 100 100 100 100 100 100 100 100 100
99.998577 99.8585693 100.0352941 99.9479985 100.0080881 100.0 99.9326385 100.1632328 100.9921569 99.9249635 100.3155373 100.9372549 100.0551278 99.9946222 100.0078431 100.0750396 100.1470178 100.9647059 100.082689 100.2992896 100.9176471 100.0061401 100.3020551 100.9176471 99.9648319 100.3074664 100.9294118 100 100 100 100 100 100 100.0459078 100.3020384 100.9176471 100 100 100 100 100 100 99.9878378 99.842205 100.0431373 100.0107378 99.8421836 100.0431373 99.973941 99.8721166 100.027451 100.0229764 99.8694269 100.027451 100 100 100 100 100 100 100 100 100 100 100 100 100 100 100 100 100 100
99.9999789 99.8585342 100.0352941 99.9479957 100.0080803 100.0 99.9326283 100.1631866 100.9843137 99.9249773 100.3155568 100.9372549 100.0551217 99.9946126 100.0078431 100.0765296 100.1496025 100.9647059 100.0826844 100.2966094 100.9294118 100.0045899 100.3074463 100.9294118 99.9618072 100.3128431 100.9294118 100 100 100 100 100 100 100.0458956 100.3074344 100.9294118 100 100 100 100 100 100 99.9892722 99.8421587 100.0431373 100.0107377 99.8421716 100.0431373 99.9739282 99.8721032 100.0352941 100.0229644 99.8720557 100.027451 100 100 100 100 100 100 100 100 100 100 100 100 100 100 100 100 100 100
99.9999939 99.8585641 100.0352941 99.94801 100.0080836 100.0 99.9311617 100.1632337 100.9843137 99.9250359 100.3129461 100.945098 100.0551217 99.9946116 100.0 100.076532 100.149709 100.9647059 100.0826872 100.2966496 100.9294118 100.0061179 100.3074774 100.9294118 99.9618201 100.3128812 100.9294118 100 100 100 100 100 100 100.0459576 100.3074773 100.9294118 100 100 100 100 100 100 99.9878447 99.8421966 100.0431373 100.0107515 99.8422128 100.0431373 99.9739474 99.8721371 100.0352941 100.0229707 99.8721297 100.027451 100 100 100 100 100 100 100 100 100 100 100 100 100 100 100 100 100 100
99.9985707 99.8585672 100.0352941 99.9480031 100.0054899 100.0078431 99.9326258 100.1604689 100.9843137 99.9250135 100.3102091 100.945098 100.055132 99.9946232 100.0 100.0765157 100.1470364 100.9647059 100.0826562 100.2966375 100.9294118 100.0046152 100.3047674 100.9294118 99.9632561 100.3074966 100.9294118 100 100 100 100 100 100 100.0459019 100.3047553 100.9294118 100 100 100 100 100 100 99.9892663 99.8421731 100.0431373 100.0107383 99.8421908 100.0431373 99.9739304 99.8721405 100.027451 100.022962 99.8720972 100.027451 100 100 100 100 100 100 100 100 100 100 100 100 100 100 100 100 100 100
99.9985745 99.861215 100.0352941 99.9480225 100.0080789 100.0078431 99.9311237 100.1632202 100.9843137 99.9250743 100.3074554 100.9372549 100.0551284 99.9972565 100.0078431 100.0750522 100.149693 100.9647059 100.0827048 100.299289 100.9294118 100.0076361 100.3046761 100.9294118 99.9648324 100.3073902 100.9294118 100 100 100 100 100 100 100.0459312 100.3046967 100.9294118 100 100 100 100 100 100 99.9878314 99.8448253 100.0431373 100.0107412 99.8448389 100.0431373 99.9739446 99.8747482 100.0352941 100.0229641 99.874746 100.027451 100 100 100 100 100 100 100 100 100 100 100 100 100 100 100 100 100 100
100.0000001 99.8612379 100.027451 99.9480132 100.0081 100.0 99.9311422 100.1631871 100.9764706 99.9250899 100.2883578 100.9372549 100.0551202 99.9972631 100.0078431 100.0765493 100.155064 100.9568627 100.0827035 100.3020196 100.9215686 100.0046167 100.3101773 100.9215686 99.9618215 100.3155641 100.9215686 100 100 100 100 100 100 100.0459149 100.3128667 100.9215686 100 100 100 100 100 100 99.9892916 99.8448529 100.0352941 100.010758 99.8448772 100.0352941 99.9739547 99.8747839 100.0196078 100.0229735 99.8748004 100.0196078 100 100 100 100 100 100 100 100 100 100 100 100 100 100 100 100 100 100
100.0014311 99.8612647 100.0196078 99.9494319 100.0054732 100.9960784 99.9310587 100.1605265 100.9686275 99.9264218 100.2748244 100.9411765 100.0565356 99.997273 100.0 100.0794923 100.1631435 100.9490196 100.0841576 100.3019822 100.9137255 100.0091056 100.3102064 100.9137255 99.9693155 100.3128692 100.9137255 100 100 100 100 100 100 100.0473674 100.3128902 100.9137255 100 100 100 100 100 100 99.9907234 99.8448683 100.027451 100.012186 99.8449181 100.027451 99.9753739 99.8747818 100.0196078 100.0243879 99.8774796 100.0117647 100 100 100 100 100 100 100 100 100 100 100 100 100 100 100 100 100 100
100.0000077 99.8612461 100.027451 99.9494299 100.0080871 100.0 99.9325727 100.1551384 100.9843137 99.9249656 100.255914 100.9490196 100.0565307 99.997256 100.0 100.0764831 100.149741 100.9568627 100.0841478 100.2994065 100.9215686 100.0091085 100.3020762 100.9215686 99.9693059 100.3020699 100.9098039 100 100 100 100 100 100 100.0473838 100.3047709 100.9098039 100 100 100 100 100 100 99.9907094 99.8448665 100.0352941 100.0121705 99.8449282 100.0352941 99.9753695 99.8748063 100.027451 100.024379 99.8775309 100.0196078 100 100 100 100 100 100 100 100 100 100 100 100 100 100 100 100 100 100
99.9985816 99.8612536 100.027451 99.9480085 100.0080837 100.0 99.9311589 100.1523599 100.9843137 99.9219748 100.2339288 100.9568627 100.0551045 99.9972658 100.0 100.0795688 100.1578345 100.9568627 100.0827347 100.3019919 100.9215686 100.0076412 100.3020277 100.9215686 99.9663252 100.3047061 100.9215686 100 100 100 100 100 100 100.0459308 100.3047123 100.9215686 100 100 100 100 100 100 99.9892828 99.8448593 100.0352941 100.0107473 99.8449025 100.0352941 99.9725397 99.8747908 100.027451 100.0229547 99.8774932 100.0196078 100 100 100 100 100 100 100 100 100 100 100 100 100 100 100 100 100 100
100.0014307 99.8612585 100.0196078 99.9494216 100.0080919 100.9960784 99.9280293 100.1631362 100.9686275 99.9126695 100.1877259 100.9137255 100.0565323 99.9972371 100.0 100.0780131 100.1497122 100.9490196 100.0856223 100.2993282 100.9137255 100.0076011 100.2993276 100.9137255 99.966243 100.299332 100.9019608 100 100 100 100 100 100 100.047361 100.2993017 100.9137255 100 100 100 100 100 100 99.9907317 99.8448995 100.027451 100.0121683 99.8449284 100.027451 99.9739712 99.8748417 100.0117647 100.0243616 99.8775338 100.0117647 100 100 100 100 100 100 100 100 100 100 100 100 100 100 100 100 100 100
100.000009 99.8612743 100.0196078 99.9494196 100.0080892 100.9960784 99.9249572 100.1687367 100.9294118 99.9065439 100.1578325 100.8666667 100.0565368 99.9972443 100.0 100.0794941 100.1496201 100.9490196 100.0856295 100.2993534 100.9137255 100.0090946 100.2966269 100.9137255 99.9677671 100.2966283 100.9019608 100 100 100 100 100 100 100.0473763 100.2966036 100.9137255 100 100 100 100 100 100 99.9892632 99.844942 100.027451 100.0121425 99.8449558 100.027451 99.9739564 99.8775373 100.0196078 100.0243431 99.8775729 100.0117647 100 100 100 100 100 100 100 100 100 100 100 100 100 100 100 100 100 100
99.9999927 99.8612318 100.0470588 99.9494213 100.005454 100.0196078 99.9233458 100.1714798 100.9411765 99.9019497 100.1440987 100.9137255 100.0565331 99.9972566 100.0 100.0794798 100.1497012 100.9764706 100.0856291 100.2992569 100.9294118 100.0091054 100.2992981 100.9294118 99.967764 100.29928 100.9294118 100 100 100 100 100 100 100.0473917 100.2992941 100.9294118 100 100 100 100 100 100 99.9892317 99.8449231 100.054902 100.0121212 99.8449024 100.054902 99.9739556 99.8775682 100.0470588 100.0243433 99.8775105 100.0392157 100 100 100 100 100 100 100 100 100 100 100 100 100 100 100 100 100 100
99.9985576 99.8612448 100.0470588 99.9479834 100.0054263 100.0196078 99.9173597 100.1687954 100.9686275 99.8974943 100.1250616 100.9215686 100.0551212 99.9972853 100.0 100.079575 100.1496823 100.9764706 100.0842105 100.2992087 100.9411765 100.0091339 100.2993335 100.9411765 99.9663724 100.2993283 100.9294118 100 100 100 100 100 100 100.0459835 100.2993223 100.9411765 100 100 100 100 100 100 99.987793 99.8449354 100.054902 100.0106877 99.8449259 100.054902 99.9725336 99.8801591 100.0470588 100.0229174 99.8775369 100.0392157 100 100 100 100 100 100 100 100 100 100 100 100 100 100 100 100 100 100
99.9999865 99.8586283 100.0470588 99.9493888 100.0027972 100.0117647 99.9141656 100.1578403 100.9686275 99.8851011 100.0979171 100.9137255 100.0565645 99.9946917 100.0 100.0795055 100.1497124 100.9764706 100.0856287 100.2966657 100.9411765 100.0091031 100.2966752 100.9411765 99.9662843 100.2966635 100.9294118 100 100 100 100 100 100 100.0473907 100.2966634 100.9411765 100 100 100 100 100 100 99.989214 99.8449017 100.054902 100.0121163 99.8422912 100.054902 99.975364 99.8775031 100.0470588 100.0243645 99.8748229 100.0470588 100 100 100 100 100 100 100 100 100 100 100 100 100 100 100 100 100 100
99.9985425 99.8612564 100.0431373 99.9479752 100.0053313 100.0 99.9112151 100.1469745 100.9568627 99.8760308 100.0977804 100.9019608 100.0551294 99.9999092 100.0 100.0780726 100.1577395 100.9647059 100.084173 100.2993048 100.9176471 100.0091173 100.3019364 100.9176471 99.9678457 100.2992964 100.9098039 100 100 100 100 100 100 100.0474094 100.301933 100.9176471 100 100 100 100 100 100 99.987779 99.8475105 100.0431373 100.0106795 99.8448847 100.0431373 99.9739409 99.8801497 100.0352941 100.022944 99.8747055 100.027451 100 100 100 100 100 100 100 100 100 100 100 100 100 100 100 100 100 100
99.9985159 99.8612956 100.054902 99.9479748 100.0026588 100.0196078 99.9096537 100.1440297 100.9960784 99.8683676 100.089706 100.9137255 100.0565475 99.9999434 100.0 100.0765323 100.1523101 100.9764706 100.0841197 100.2992601 100.9294118 100.0076513 100.2993075 100.9294118 99.9678144 100.2992767 100.9294118 100 100 100 100 100 100 100.0459204 100.2993067 100.9294118 100 100 100 100 100 100 99.9877747 99.8475736 100.054902 100.0106441 99.8475515 100.054902 99.973923 99.8801933 100.0470588 100.0228934 99.8774443 100.0392157 100 100 100 100 100 100 100 100 100 100 100 100 100 100 100 100 100 100
99.9985401 99.8638416 100.0352941 99.9494163 99.9999906 100.0 99.9050903 100.125172 100.9568627 99.8591691 100.1005526 100.8901961 100.0565586 100.000059 100.0 100.0765317 100.1551298 100.9647059 100.0841548 100.2993193 100.9294118 100.0091061 100.2993566 100.9294118 99.9693396 100.2993674 100.9176471 100 100 100 100 100 100 100.0473726 100.2993489 100.9294118 100 100 100 100 100 100 99.9892544 99.8476712 100.0431373 100.0106742 99.8476305 100.0431373 99.9739527 99.880254 100.0352941 100.0229338 99.8775202 100.027451 100 100 100 100 100 100 100 100 100 100 100 100 100 100 100 100 100 100
99.9999736 99.8638551 100.0352941 99.9494268 99.997358 100.0078431 99.9066376 100.1196353 100.972549 99.8530953 100.1034025 100.8823529 100.0565668 100.0026979 100.0 100.0749921 100.1523584 100.9647059 100.0841694 100.299402 100.9176471 100.0091002 100.2993067 100.9176471 99.9678662 100.2992869 100.9176471 100 100 100 100 100 100 100.0459615 100.2992917 100.9176471 100 100 100 100 100 100 99.9893008 99.8476785 100.0431373 100.0107098 99.8502962 100.0431373 99.9739662 99.8802445 100.0352941 100.0229365 99.8801927 100.0352941 100 100 100 100 100 100 100 100 100 100 100 100 100 100 100 100 100 100
100.0000204 99.8613859 100.0431373 99.9480195 99.9973449 100.0078431 99.911167 100.1061233 100.9568627 99.8530763 100.1170489 100.8823529 100.0551239 100.0027548 100.0 100.0750341 100.1524707 100.9647059 100.0842014 100.2994486 100.9294118 100.0091115 100.3020564 100.9294118 99.9678601 100.3020697 100.9176471 100 100 100 100 100 100 100.0474048 100.3020531 100.9294118 100 100 100 100 100 100 99.9908155 99.8476554 100.054902 100.0107426 99.8503293 100.054902 99.9739792 99.8802763 100.0352941 100.0229632 99.8802822 100.027451 100 100 100 100 100 100 100 100 100 100 100 100 100 100 100 100 100 100
100.0000224 99.8638465 100.054902 99.9494533 99.9972914 100.0117647 99.9097042 100.1007604 100.9764706 99.8468966 100.1333029 100.8862745 100.0550451 100.0027743 100.0 100.0750032 100.152437 100.9764706 100.0841635 100.2994289 100.9411765 100.0076164 100.3020357 100.9411765 99.9663064 100.3020123 100.9294118 100 100 100 100 100 100 100.0459317 100.3020429 100.9411765 100 100 100 100 100 100 99.9923059 99.8476476 100.0666667 100.0107372 99.8503556 100.0666667 99.9739522 99.8802705 100.054902 100.0229256 99.8802038 100.0470588 100 100 100 100 100 100 100 100 100 100 100 100 100 100 100 100 100 100
100.0000353 99.8638504 100.0352941 99.9494621 99.9973171 100.0 99.9096611 100.100631 100.9568627 99.8468994 100.1443348 100.8627451 100.0550515 100.0027769 100.0 100.0749866 100.1496992 100.972549 100.084197 100.2993891 100.9294118 100.0076649 100.299304 100.9294118 99.9693388 100.2993045 100.9176471 100 100 100 100 100 100 100.0459321 100.29928 100.9294118 100 100 100 100 100 100 99.9923182 99.8476478 100.054902 100.0107478 99.8503555 100.054902 99.9739597 99.8802703 100.0352941 100.0229376 99.8803203 100.0352941 100 100 100 100 100 100 100 100 100 100 100 100 100 100 100 100 100 100
100.0000185 99.8638287 100.0431373 99.9494681 99.9973052 100.0078431 99.9096256 100.0979395 100.945098 99.8469145 100.1578152 100.8823529 100.0535513 100.002739 100.0 100.0750089 100.1523684 100.9647059 100.0841935 100.2993753 100.9294118 100.0076531 100.2992915 100.9294118 99.969334 100.2992753 100.9176471 100 100 100 100 100 100 100.0459124 100.2992908 100.9294118 100 100 100 100 100 100 99.992303 99.8476216 100.054902 100.0107387 99.8503522 100.0431373 99.9739452 99.8802436 100.0352941 100.0229306 99.8828552 100.027451 100 100 100 100 100 100 100 100 100 100 100 100 100 100 100 100 100 100
100.0000437 99.8638535 100.0431373 99.9495024 99.997343 100.0 99.9066771 100.0979464 100.9568627 99.8454218 100.1687989 100.8823529 100.0520495 100.0026822 100.0 100.0749964 100.1523448 100.972549 100.0842245 100.2992774 100.9176471 100.0091594 100.2992747 100.9176471 99.9708962 100.2992547 100.9176471 100 100 100 100 100 100 100.0459883 100.2992786 100.9176471 100 100 100 100 100 100 99.9908511 99.8476475 100.054902 100.0107702 99.8503811 100.054902 99.9739569 99.880201 100.0352941 100.022941 99.8828619 100.027451 100 100 100 100 100 100 100 100 100 100 100 100 100 100 100 100 100 100
100.0014669 99.8638671 100.0352941 99.9509234 99.997331 100.0 99.9096076 100.0979538 100.945098 99.8468651 100.1715094 100.8901961 100.0519896 100.0027313 100.0 100.0764254 100.1551197 100.9647059 100.0856389 100.2992665 100.9294118 100.0105714 100.2993232 100.9294118 99.9708361 100.2993047 100.9176471 100 100 100 100 100 100 100.0474141 100.2993393 100.9294118 100 100 100 100 100 100 99.9922493 99.8476642 100.054902 100.0121827 99.8503812 100.054902 99.9753581 99.8802245 100.0352941 100.0243433 99.8829186 100.0352941 100 100 100 100 100 100 100 100 100 100 100 100 100 100 100 100 100 100
100.0014388 99.8639005 100.0431373 99.9509236 99.997332 100.0078431 99.9095831 100.1006455 100.9647059 99.8483771 100.1741726 100.8901961 100.051998 100.0001068 100.0 100.0748993 100.1469651 100.9647059 100.0856452 100.2992971 100.9294118 100.0105758 100.2966512 100.9294118 99.9708592 100.296659 100.9176471 100 100 100 100 100 100 100.0474134 100.2966512 100.9294118 100 100 100 100 100 100 99.9907527 99.8476916 100.054902 100.0121732 99.8503961 100.054902 99.9739575 99.8802768 100.0352941 100.024339 99.8803615 100.027451 100 100 100 100 100 100 100 100 100 100 100 100 100 100 100 100 100 100
100.0000328 99.8639292 100.0470588 99.9509337 99.99737 100.0196078 99.9081305 100.1007817 100.9686275 99.8499154 100.1769009 100.8941176 100.0519698 100.0000654 100.0 100.0749531 100.1497017 100.9843137 100.085674 100.2992874 100.9411765 100.0105938 100.2993898 100.9411765 99.9708574 100.2993859 100.9294118 100 100 100 100 100 100 100.0474262 100.2993999 100.9411765 100 100 100 100 100 100 99.9907378 99.8477 100.0666667 100.0121617 99.8504345 100.0666667 99.9739547 99.8802071 100.0470588 100.0229324 99.8802186 100.0392157 100 100 100 100 100 100 100 100 100 100 100 100 100 100 100 100 100 100
100.0000203 99.8664813 100.0352941 99.9509243 99.9999507 100.0 99.9096241 100.1033561 100.9568627 99.8484162 100.1821862 100.8823529 100.0519755 100.0026027 100.0 100.0750023 100.154959 100.9647059 100.0856958 100.3019061 100.9176471 100.0105866 100.3018916 100.9176471 99.9708457 100.2992496 100.9176471 100 100 100 100 100 100 100.0474317 100.3019235 100.9176471 100 100 100 100 100 100 99.9892832 99.8502555 100.054902 100.0121674 99.8530136 100.054902 99.9739511 99.882805 100.0352941 100.0229354 99.8854596 100.027451 100 100 100 100 100 100 100 100 100 100 100 100 100 100 100 100 100 100
99.9999855 99.8638371 100.0470588 99.9509194 99.999952 100.0117647 99.9096105 100.1007526 100.9686275 99.8484285 100.1795809 100.8941176 100.0505075 99.9999902 100.0 100.0749695 100.1470539 100.9843137 100.0857154 100.2966644 100.9294118 100.0106012 100.2993123 100.9294118 99.9708715 100.2992846 100.9294118 100 100 100 100 100 100 100.0474338 100.2993306 100.9294118 100 100 100 100 100 100 99.9892174 99.8476207 100.0666667 100.0121432 99.8503747 100.054902 99.9739128 99.8801809 100.0470588 100.022934 99.8829014 100.0392157 100 100 100 100 100 100 100 100 100 100 100 100 100 100 100 100 100 100
99.9999917 99.8638873 100.0470588 99.9495081 99.9974233 100.0117647 99.9081517 100.1008103 100.9686275 99.8469015 100.179667 100.8941176 100.0519852 100.0000039 100.0 100.0750062 100.1496874 100.9843137 100.0857324 100.2992689 100.9294118 100.0106088 100.2993968 100.9294118 99.9708775 100.2994029 100.9294118 100 100 100 100 100 100 100.0474492 100.3020554 100.9294118 100 100 100 100 100 100 99.9892262 99.8476629 100.0666667 100.0107423 99.8503499 100.054902 99.9739377 99.877624 100.0470588 100.0229308 99.8803208 100.0392157 100 100 100 100 100 100 100 100 100 100 100 100 100 100 100 100 100 100
99.9999709 99.863887 100.0352941 99.9495089 99.9999969 100.0 99.9066305 100.1033857 100.9568627 99.8484375 100.179657 100.8823529 100.0505386 99.9974098 100.0 100.0750093 100.1470187 100.972549 100.0857597 100.2967296 100.9176471 100.0106567 100.2993091 100.9176471 99.9723974 100.2993258 100.9176471 100 100 100 100 100 100 100.0488948 100.296667 100.9176471 100 100 100 100 100 100 99.9877973 99.8476628 100.054902 100.0107177 99.8503752 100.054902 99.973923 99.8802198 100.0352941 100.0229006 99.8803106 100.027451 100 100 100 100 100 100 100 100 100 100 100 100 100 100 100 100 100 100
99.9999473 99.8639017 100.0470588 99.9495082 100.0000018 100.0117647 99.9096257 100.1008091 100.9764706 99.8484113 100.1796476 100.9019608 100.0519855 99.9973972 100.0 100.0749912 100.1470098 100.9843137 100.0871793 100.2993283 100.9294118 100.0106654 100.299344 100.9294118 99.9724176 100.2993574 100.9294118 100 100 100 100 100 100 100.0488925 100.2993382 100.9294118 100 100 100 100 100 100 99.9877654 99.8476748 100.054902 100.0106904 99.8503945 100.054902 99.9738907 99.8802088 100.0392157 100.0228932 99.8802807 100.027451 100 100 100 100 100 100 100 100 100 100 100 100 100 100 100 100 100 100
99.9999517 99.8639147 100.0470588 99.9495069 100.0000303 100.0117647 99.9081491 100.1033738 100.9686275 99.8499376 100.1796124 100.9019608 100.0505441 99.9973867 100.0117647 100.0750336 100.1470924 100.9843137 100.0872184 100.2993137 100.9411765 100.0106709 100.3020979 100.9411765 99.972413 100.304776 100.9411765 100 100 100 100 100 100 100.0489213 100.3020967 100.9411765 100 100 100 100 100 100 99.9877663 99.8476922 100.054902 100.0106971 99.8503754 100.054902 99.9739005 99.8802256 100.0470588 100.022912 99.8802151 100.0392157 100 100 100 100 100 100 100 100 100 100 100 100 100 100 100 100 100 100
99.9999389 99.8639141 100.0470588 99.9495049 100.0000229 100.0117647 99.9081505 100.1033633 100.9686275 99.8499415 100.1769388 100.9019608 100.0505357 99.9973923 100.0117647 100.0764824 100.1470973 100.9843137 100.0872458 100.2993024 100.9294118 100.0106784 100.3020459 100.9294118 99.9724114 100.3020789 100.9294118 100 100 100 100 100 100 100.0489351 100.3020493 100.9294118 100 100 100 100 100 100 99.9877419 99.8476988 100.054902 100.0106867 99.8503924 100.054902 99.9724562 99.8802121 100.0470588 100.0229034 99.8803677 100.027451 100 100 100 100 100 100 100 100 100 100 100 100 100 100 100 100 100 100
99.9999243 99.8665023 100.0470588 99.9495046 100.0025984 100.0117647 99.9081191 100.1059613 100.9686275 99.8499144 100.1821744 100.8941176 100.0519849 99.9999641 100.0 100.0764831 100.1523209 100.9843137 100.0872145 100.3018638 100.9294118 100.0106958 100.3019428 100.9294118 99.9738882 100.3019819 100.9294118 100 100 100 100 100 100 100.0489188 100.3019361 100.9294118 100 100 100 100 100 100 99.9877286 99.8503189 100.054902 100.0106608 99.8529886 100.054902 99.9738522 99.8828041 100.0470588 100.0228771 99.882939 100.0392157 100 100 100 100 100 100 100 100 100 100 100 100 100 100 100 100 100 100
99.9999362 99.8664971 100.054902 99.9495097 100.0000085 100.0117647 99.9096459 100.1059079 100.9764706 99.8484684 100.182211 100.9019608 100.0520026 99.9999707 100.0 100.0750297 100.1496304 100.9843137 100.0872287 100.3019213 100.9411765 100.0106818 100.3019224 100.9411765 99.9724278 100.3019743 100.9294118 100 100 100 100 100 100 100.048918 100.3019091 100.9411765 100 100 100 100 100 100 99.987738 99.8502942 100.054902 100.0106774 99.8529664 100.054902 99.9724524 99.8828075 100.0470588 100.0229 99.882921 100.0392157 100 100 100 100 100 100 100 100 100 100 100 100 100 100 100 100 100 100
99.9999149 99.8664857 100.054902 99.9495047 99.9999936 100.0117647 99.9081208 100.10599 100.9686275 99.8484296 100.1822164 100.8941176 100.0519969 99.9999869 100.0 100.0764627 100.1496887 100.9843137 100.0872139 100.3018826 100.9294118 100.0106715 100.3046901 100.9294118 99.9724174 100.3073988 100.9294118 100 100 100 100 100 100 100.0489275 100.3046646 100.9294118 100 100 100 100 100 100 99.9877163 99.8503015 100.054902 100.0106544 99.8529222 100.054902 99.9738541 99.8828167 100.0470588 100.0229046 99.8828499 100.0392157 100 100 100 100 100 100 100 100 100 100 100 100 100 100 100 100 100 100
99.9999238 99.8639067 100.0352941 99.9495029 100.0000225 100.0 99.9081453 100.1034328 100.9568627 99.8484447 100.1796288 100.8823529 100.0520068 99.9973975 100.0 100.0764772 100.1496449 100.972549 100.0872248 100.2993007 100.9176471 100.0106814 100.3020519 100.9176471 99.9724371 100.3021152 100.9176471 100 100 100 100 100 100 100.0489184 100.2993853 100.9176471 100 100 100 100 100 100 99.9877279 99.8477088 100.0431373 100.010659 99.8503259 100.0431373 99.9738723 99.8802473 100.0352941 100.0229242 99.8802067 100.027451 100 100 100 100 100 100 100 100 100 100 100 100 100 100 100 100 100 100
99.9999237 99.8639114 100.0352941 99.9495047 100.0000025 100.0 99.909646 100.1034133 100.9647059 99.8484135 100.1796566 100.8823529 100.0520072 99.9974072 100.0 100.0750031 100.1470253 100.9647059 100.0872188 100.2993723 100.9176471 100.0106599 100.2994012 100.9176471 99.9724002 100.3020462 100.9176471 100 100 100 100 100 100 100.0489065 100.2993911 100.9176471 100 100 100 100 100 100 99.9877255 99.8476791 100.0431373 100.0106696 99.8503566 100.0431373 99.9738702 99.8802389 100.0352941 100.0229149 99.8802598 100.027451 100 100 100 100 100 100 100 100 100 100 100 100 100 100 100 100 100 100
99.9999252 99.8639242 100.0470588 99.9494992 100.0000004 100.0117647 99.9096216 100.1035754 100.9764706 99.8468611 100.1742019 100.8941176 100.0520107 99.9974036 100.0 100.0764655 100.1471032 100.9843137 100.0871849 100.2993511 100.9411765 100.010697 100.2994058 100.9411765 99.973869 100.3020871 100.9411765 100 100 100 100 100 100 100.0489347 100.2993877 100.9411765 100 100 100 100 100 100 99.987747 99.8476656 100.054902 100.0106833 99.8503618 100.054902 99.9739028 99.8802389 100.0392157 100.0229185 99.8802955 100.0392157 100 100 100 100 100 100 100 100 100 100 100 100 100 100 100 100 100 100
99.9999572 99.8638335 100.0470588 99.9494985 99.9973982 100.0117647 99.9111458 100.1061298 100.9686275 99.8499578 100.1687589 100.9019608 100.0520141 99.999968 100.0 100.0764991 100.1497016 100.9843137 100.0872012 100.2993696 100.9411765 100.010658 100.3020426 100.9411765 99.9724061 100.3020922 100.9294118 100 100 100 100 100 100 100.0489133 100.3020267 100.9411765 100 100 100 100 100 100 99.9877714 99.8475914 100.054902 100.0107037 99.847648 100.054902 99.9739072 99.8776055 100.0470588 100.0229207 99.8802247 100.0392157 100 100 100 100 100 100 100 100 100 100 100 100 100 100 100 100 100 100
99.9999727 99.8639775 100.0431373 99.9494914 99.9999528 100.0078431 99.9111779 100.1114363 100.9647059 99.8514285 100.1686874 100.8901961 100.0520188 100.0000122 100.0 100.0764624 100.1496857 100.972549 100.0871776 100.3019301 100.9176471 100.0106716 100.3019831 100.9176471 99.9738585 100.3046454 100.9176471 100 100 100 100 100 100 100.0489132 100.3019583 100.9176471 100 100 100 100 100 100 99.9877913 99.847637 100.054902 100.0107271 99.8502647 100.054902 99.9739271 99.880201 100.0352941 100.0229407 99.8828989 100.027451 100 100 100 100 100 100 100 100 100 100 100 100 100 100 100 100 100 100
99.9999845 99.8639194 100.0470588 99.9508958 99.9999481 100.0196078 99.9111454 100.1142456 100.9764706 99.8514131 100.1685254 100.8862745 100.0520046 100.0000045 100.0 100.0764578 100.1496855 100.9764706 100.0871682 100.3019604 100.9294118 100.010628 100.3046413 100.9294118 99.9723543 100.3046652 100.9294118 100 100 100 100 100 100 100.0488956 100.3019779 100.9294118 100 100 100 100 100 100 99.9892123 99.847619 100.054902 100.012124 99.8502144 100.054902 99.9739482 99.8802205 100.0470588 100.0229414 99.8828597 100.0392157 100 100 100 100 100 100 100 100 100 100 100 100 100 100 100 100 100 100
100.0000116 99.8639427 100.0470588 99.9494757 99.9999501 100.0117647 99.9126208 100.1250022 100.9686275 99.8545121 100.1631094 100.9019608 100.0535248 100.0026039 100.0 100.0749808 100.1496741 100.9764706 100.0871422 100.3019895 100.9294118 100.0106222 100.3019575 100.9294118 99.9723314 100.3019733 100.9294118 100 100 100 100 100 100 100.0488837 100.3019549 100.9294118 100 100 100 100 100 100 99.9892684 99.8476137 100.0666667 100.0121632 99.8502561 100.054902 99.9739571 99.8828235 100.0470588 100.0229593 99.8829065 100.0392157 100 100 100 100 100 100 100 100 100 100 100 100 100 100 100 100 100 100
100.001459 99.8613576 100.0352941 99.9494726 99.9974059 100.0 99.9126672 100.1225961 100.9647059 99.8591476 100.160573 100.9019608 100.0535274 100.0000481 100.0 100.0765155 100.1524176 100.9647059 100.0857226 100.2993773 100.9176471 100.0106159 100.2993857 100.9176471 99.9708493 100.2994028 100.9176471 100 100 100 100 100 100 100.0488745 100.2993554 100.9176471 100 100 100 100 100 100 99.9907486 99.8450347 100.054902 100.0122085 99.8476524 100.054902 99.9739862 99.8776149 100.0352941 100.0243961 99.8829144 100.027451 100 100 100 100 100 100 100 100 100 100 100 100 100 100 100 100 100 100
100.0014651 99.8613497 100.0470588 99.949456 99.9973767 100.0196078 99.9127331 100.1252232 100.9764706 99.8637498 100.1658619 100.9019608 100.0550162 100.0000707 100.0 100.0764543 100.149721 100.9843137 100.0871477 100.2994589 100.9294118 100.0105838 100.3020471 100.9294118 99.9693381 100.3020371 100.9294118 100 100 100 100 100 100 100.0488517 100.3020375 100.9294118 100 100 100 100 100 100 99.9922605 99.8449852 100.054902 100.0122167 99.8476774 100.054902 99.975394 99.8775756 100.0470588 100.0243962 99.8828913 100.0470588 100 100 100 100 100 100 100 100 100 100 100 100 100 100 100 100 100 100
100.0015066 99.8613014 100.0352941 99.9494261 99.9973927 100.0078431 99.9142229 100.1360782 100.9568627 99.87285 100.1715082 100.9019608 100.0565153 100.0000381 100.0 100.0764736 100.1524359 100.9647059 100.0856488 100.2994291 100.9176471 100.010548 100.3020273 100.9176471 99.9708016 100.3020166 100.9176471 100 100 100 100 100 100 100.0474098 100.2993638 100.9176471 100 100 100 100 100 100 99.993793 99.84491 100.0431373 100.0136712 99.8476368 100.0431373 99.9754365 99.8748421 100.0352941 100.0244421 99.8802937 100.0352941 100 100 100 100 100 100 100 100 100 100 100 100 100 100 100 100 100 100
100.001578 99.8612623 100.0352941 99.9480101 99.999938 100.0078431 99.9142924 100.1360428 100.9647059 99.8760244 100.1850404 100.9019608 100.0551206 100.0026535 100.0 100.0750172 100.1523836 100.9647059 100.0842258 100.299361 100.9176471 100.0076807 100.3020251 100.9176471 99.9663465 100.3020288 100.9176471 100 100 100 100 100 100 100.045971 100.3020245 100.9176471 100 100 100 100 100 100 99.9939009 99.8448245 100.054902 100.0122829 99.8475758 100.054902 99.9740561 99.8747754 100.0352941 100.0230443 99.8802805 100.0352941 100 100 100 100 100 100 100 100 100 100 100 100 100 100 100 100 100 100
100.003068 99.8612139 100.0352941 99.9494393 99.9999314 100.0156863 99.9188957 100.1332723 100.972549 99.8836366 100.1958095 100.9019608 100.0551137 100.0026418 100.9921569 100.0749979 100.1522886 100.9647059 100.0841855 100.2993117 100.9294118 100.007679 100.3019788 100.9294118 99.9678515 100.3019872 100.9176471 100 100 100 100 100 100 100.0459638 100.3019534 100.9294118 100 100 100 100 100 100 99.9953794 99.8422853 100.0627451 100.0122962 99.8475482 100.054902 99.9740645 99.8720885 100.0352941 100.0244602 99.8828002 100.0352941 100 100 100 100 100 100 100 100 100 100 100 100 100 100 100 100 100 100
100.0045923 99.8611725 100.0352941 99.9494275 99.9999555 100.0078431 99.9233824 100.1414417 100.972549 99.8913075 100.2257636 100.9019608 100.0565619 100.0026455 100.0 100.0750156 100.1550977 100.9647059 100.0827027 100.3020035 100.9176471 100.0061169 100.3019722 100.9176471 99.9647578 100.29933 100.9176471 100 100 100 100 100 100 100.0458915 100.302022 100.9176471 100 100 100 100 100 100 99.9954101 99.8422812 100.054902 100.0152753 99.8476009 100.054902 99.9755098 99.8693617 100.0352941 100.0244617 99.8829713 100.0352941 100 100 100 100 100 100 100 100 100 100 100 100 100 100 100 100 100 100
100.0060289 99.8611624 100.0431373 99.949434 100.0000016 100.0156863 99.9234631 100.1442375 100.972549 99.898877 100.2367886 100.9176471 100.0565319 100.0000133 100.0 100.0749829 100.1550524 100.9647059 100.0840688 100.3020109 100.9176471 100.0060972 100.2992393 100.9176471 99.9647397 100.296568 100.9176471 100 100 100 100 100 100 100.0458418 100.2992695 100.9176471 100 100 100 100 100 100 99.995386 99.8422546 100.054902 100.0152638 99.8476277 100.054902 99.9754924 99.8693863 100.0352941 100.0244371 99.8829731 100.0352941 100 100 100 100 100 100 100 100 100 100 100 100 100 100 100 100 100 100
100.0046009 99.861133 100.0352941 99.947993 99.9999975 100.0078431 99.9234958 100.1469561 100.9843137 99.8990112 100.2583762 100.9294118 100.0550799 99.999987 100.0 100.0734937 100.1522728 100.9647059 100.0811962 100.3020474 100.9294118 100.0045911 100.2992313 100.9294118 99.9632852 100.2991937 100.9176471 100 100 100 100 100 100 100.044343 100.2992702 100.9294118 100 100 100 100 100 100 99.9953582 99.842227 100.0627451 100.0153117 99.8475886 100.0627451 99.9740333 99.8693382 100.0352941 100.0229978 99.8829763 100.0352941 100 100 100 100 100 100 100 100 100 100 100 100 100 100 100 100 100 100
100.0045835 99.8584948 100.0352941 99.9479458 100.0027354 100.0 99.9265408 100.1551248 100.9764706 99.9051072 100.293748 100.9215686 100.0550663 99.9973266 100.0 100.0764922 100.1578231 100.9568627 100.0811409 100.2993551 100.9215686 100.006059 100.3047544 100.9215686 99.963231 100.3074649 100.9215686 100 100 100 100 100 100 100.044362 100.3047389 100.9215686 100 100 100 100 100 100 99.9953345 99.8396027 100.054902 100.0152715 99.8449534 100.054902 99.9740122 99.8667016 100.027451 100.0229545 99.880345 100.027451 100 100 100 100 100 100 100 100 100 100 100 100 100 100 100 100 100 100
100.004582 99.8584962 100.027451 99.9479361 100.0053801 100.0 99.9295899 100.1577864 100.9764706 99.909649 100.3074503 100.9215686 100.0550642 99.997296 100.0 100.076482 100.1550936 100.9568627 100.082569 100.2967063 100.9215686 100.0060755 100.3020476 100.9215686 99.9647713 100.3047468 100.9098039 100 100 100 100 100 100 100.0443481 100.3020482 100.9215686 100 100 100 100 100 100 99.9953301 99.8396058 100.0470588 100.0152862 99.8449677 100.0470588 99.9740146 99.8667344 100.027451 100.0229712 99.8803527 100.027451 100 100 100 100 100 100 100 100 100 100 100 100 100 100 100 100 100 100
100.0045471 99.8584979 100.027451 99.9479334 100.0054036 100.0 99.9311236 100.1631933 100.9647059 99.9111451 100.3184774 100.9294118 100.0550648 99.9972973 100.0 100.0780316 100.1578643 100.9568627 100.0825684 100.2967065 100.9098039 100.0060946 100.3020538 100.9215686 99.9647985 100.3020704 100.9215686 100 100 100 100 100 100 100.0443701 100.3020629 100.9215686 100 100 100 100 100 100 99.9953101 99.8396156 100.0470588 100.0137773 99.8475826 100.0352941 99.9740054 99.8667399 100.027451 100.022939 99.88036 100.027451 100 100 100 100 100 100 100 100 100 100 100 100 100 100 100 100 100 100
100.0045412 99.8584879 100.0196078 99.947934 100.0054439 100.9882353 99.9340703 100.1632295 100.9686275 99.911246 100.3292522 100.9215686 100.0550681 99.9972617 100.0 100.0765177 100.1551061 100.9490196 100.082571 100.2992731 100.9137255 100.0060838 100.2993073 100.9137255 99.9647483 100.2993099 100.9019608 100 100 100 100 100 100 100.0443636 100.2993012 100.9137255 100 100 100 100 100 100 99.9953021 99.8395991 100.027451 100.013768 99.8449277 100.027451 99.9739945 99.8693431 100.0117647 100.0229378 99.8802943 100.0196078 100 100 100 100 100 100 100 100 100 100 100 100 100 100 100 100 100 100
100.0030536 99.8584438 100.0196078 99.947925 100.0080321 100.9882353 99.9341055 100.163303 100.9686275 99.9157928 100.3373285 100.9294118 100.0550911 99.9972113 100.0 100.0795089 100.1577473 100.9490196 100.0826202 100.296634 100.9137255 100.0075645 100.2992444 100.9137255 99.9678071 100.2966083 100.9019608 100 100 100 100 100 100 100.0444019 100.2965978 100.9137255 100 100 100 100 100 100 99.9938772 99.8395582 100.0392157 100.0137428 99.8448939 100.0392157 99.9739769 99.8693087 100.0196078 100.0229362 99.8802778 100.0196078 100 100 100 100 100 100 100 100 100 100 100 100 100 100 100 100 100 100
100.0030365 99.8584745 100.0196078 99.947924 100.0080359 100.9960784 99.9341263 100.1633319 100.9686275 99.9188684 100.3373225 100.9294118 100.0550866 99.9972313 100.0 100.0795004 100.1577523 100.9490196 100.0826333 100.296663 100.9137255 100.0061038 100.2993335 100.9137255 99.9662895 100.2993104 100.9019608 100 100 100 100 100 100 100.0443874 100.3019775 100.9137255 100 100 100 100 100 100 99.9938581 99.8395779 100.027451 100.0122458 99.8449043 100.027451 99.9739627 99.86934719999999 100.0117647 100.0229198 99.8802272 100.0196078 100 100 100 100 100 100 100 100 100 100 100 100 100 100 100 100 100 100
100.0030222 99.8584736 100.0196078 99.9479358 100.0080478 100.9960784 99.9341417 100.1658873 100.9686275 99.9203879 100.3372936 100.9294118 100.0551102 99.9972213 100.0 100.0795604 100.1577982 100.9490196 100.0826699 100.2993472 100.9019608 100.0061 100.2993118 100.9019608 99.9648086 100.2992867 100.9019608 100 100 100 100 100 100 100.0443791 100.2993165 100.9019608 100 100 100 100 100 100 99.99385 99.8396152 100.0392157 100.0122199 99.8448827 100.027451 99.9739603 99.8720832 100.0196078 100.0229358 99.8802235 100.0196078 100 100 100 100 100 100 100 100 100 100 100 100 100 100 100 100 100 100
100.0000127 99.8584661 100.027451 99.946453 100.0054428 100.0078431 99.9326391 100.165918 100.9764706 99.9188979 100.334556 100.9372549 100.0536011 99.9971938 100.0 100.0780221 100.1550072 100.9568627 100.0811754 100.2992753 100.9215686 100.0046215 100.2992896 100.9215686 99.9647988 100.2992719 100.9098039 100 100 100 100 100 100 100.0428999 100.2992965 100.9215686 100 100 100 100 100 100 99.9923051 99.8421041 100.0470588 100.0106994 99.8448497 100.0470588 99.9710167 99.8747188 100.027451 100.0214193 99.8802492 100.027451 100 100 100 100 100 100 100 100 100 100 100 100 100 100 100 100 100 100
99.9984449 99.8585545 100.027451 99.9464536 100.0080567 100.0 99.9326276 100.1658675 100.9764706 99.918829 100.3265121 100.9372549 100.0535962 99.9946375 100.0 100.0780573 100.1577653 100.9568627 100.0811691 100.2993157 100.9215686 100.0045722 100.2966219 100.9215686 99.9648049 100.2966134 100.9098039 100 100 100 100 100 100 100.0428213 100.2992882 100.9215686 100 100 100 100 100 100 99.9907723 99.8422064 100.0352941 100.0091774 99.8448529 100.0352941 99.970994 99.8748312 100.027451 100.0214104 99.8801513 100.027451 100 100 100 100 100 100 100 100 100 100 100 100 100 100 100 100 100 100
99.9954658 99.8558977 100.027451 99.9449564 100.0054421 100.0 99.9311377 100.1606138 100.9764706 99.9158252 100.3184272 100.9490196 100.0535441 99.9945379 100.0 100.0780003 100.1577404 100.9568627 100.0796583 100.2966064 100.9215686 100.0031041 100.296588 100.9215686 99.9647984 100.2965977 100.9098039 100 100 100 100 100 100 100.0413601 100.2965977 100.9215686 100 100 100 100 100 100 99.9877722 99.8421575 100.0352941 100.0062197 99.842224 100.0352941 99.9694911 99.872172 100.027451 100.0184817 99.8774319 100.027451 100 100 100 100 100 100 100 100 100 100 100 100 100 100 100 100 100 100
99.9954671 99.8558864 100.0352941 99.9449637 100.0054613 100.0 99.9311241 100.1631671 100.9843137 99.9158206 100.3183317 100.9372549 100.0535393 99.9945201 100.0078431 100.0765867 100.1578012 100.9568627 100.0796573 100.2966456 100.9215686 100.0030993 100.2993028 100.9215686 99.9617771 100.2993043 100.9098039 100 100 100 100 100 100 100.0413908 100.2993293 100.9215686 100 100 100 100 100 100 99.9877688 99.8395655 100.0470588 100.0062254 99.8421805 100.0470588 99.9694772 99.8747465 100.027451 100.019896 99.8748986 100.027451 100 100 100 100 100 100 100 100 100 100 100 100 100 100 100 100 100 100
99.9969463 99.8558688 100.0431373 99.9464453 100.008019 100.0 99.9326313 100.1605258 100.9843137 99.9158365 100.3156641 100.945098 100.055028 99.9919272 100.0078431 100.0780732 100.155014 100.9647059 100.0811312 100.2965621 100.9294118 100.0045794 100.2966159 100.9294118 99.9647833 100.29928 100.9294118 100 100 100 100 100 100 100.0428711 100.2992805 100.9294118 100 100 100 100 100 100 99.9877675 99.8421257 100.0431373 100.0076998 99.8421718 100.0431373 99.9709607 99.8747652 100.0431373 100.0199767 99.874831 100.0352941 100 100 100 100 100 100 100 100 100 100 100 100 100 100 100 100 100 100
