99.9985087 99.8611061 100.027451 99.9479944 100.0081 100.0 99.9341776 100.1659261 100.9764706 99.9219054 100.3184255 100.9294118 100.0565873 99.9972674 100.0 100.0810579 100.1604644 100.9490196 100.0826695 100.2994444 100.9215686 100.0075831 100.3047429 100.9215686 99.9662947 100.3074512 100.9215686 100 100 100 100 100 100 100.0458831 100.3047526 100.9215686 100 100 100 100 100 100 99.9877627 99.8422401 100.0352941 100.0106867 99.8423129 100.0352941 99.9739107 99.8748243 100.027451 100.0229283 99.8774812 100.0196078 100 100 100 100 100 100 100 100 100 100 100 100 100 100 100 100 100 100
99.9985196 99.8610891 100.027451 99.9479905 100.0081439 100.9960784 99.9341798 100.165894 100.9764706 99.9219056 100.3183311 100.9294118 100.0565894 99.9972587 100.0 100.0795571 100.1523865 100.9568627 100.0826936 100.3019801 100.9098039 100.0075857 100.3074365 100.9215686 99.9648057 100.3074601 100.9098039 100 100 100 100 100 100 100.0459026 100.3074338 100.9215686 100 100 100 100 100 100 99.9877742 99.8422236 100.0352941 100.0106985 99.8422817 100.0352941 99.9739181 99.8721522 100.027451 100.0229425 99.874802 100.0196078 100 100 100 100 100 100 100 100 100 100 100 100 100 100 100 100 100 100
99.9985199 99.8611329 100.027451 99.9479897 100.0055233 100.9960784 99.9341694 100.1632452 100.9764706 99.9219163 100.3183461 100.9294118 100.0566 99.9972772 100.0 100.0795959 100.1550984 100.9568627 100.0827025 100.2994385 100.9098039 100.0061008 100.3075241 100.9098039 99.9632763 100.3102553 100.9215686 100 100 100 100 100 100 100.0459101 100.3075327 100.9098039 100 100 100 100 100 100 99.9877757 99.8422635 100.0352941 100.0106962 99.8423445 100.0352941 99.9739092 99.874838 100.027451 100.0229409 99.8748864 100.0196078 100 100 100 100 100 100 100 100 100 100 100 100 100 100 100 100 100 100
99.9985203 99.8611066 100.027451 99.9479793 100.0081241 100.9960784 99.9341465 100.163231 100.9764706 99.9233655 100.3183598 100.9294118 100.0565872 99.9972727 100.0 100.0795723 100.1550809 100.9568627 100.084109 100.2994262 100.9215686 100.0060946 100.3102264 100.9215686 99.9632532 100.315603 100.9294118 100 100 100 100 100 100 100.0459368 100.310226 100.9215686 100 100 100 100 100 100 99.9877826 99.8422448 100.0352941 100.0106952 99.8422977 100.0352941 99.9739072 99.8748297 100.027451 100.022938 99.8721534 100.0196078 100 100 100 100 100 100 100 100 100 100 100 100 100 100 100 100 100 100
99.9985059 99.8611629 100.0470588 99.947985 100.0055073 100.0117647 99.9341033 100.1658991 100.9960784 99.9234365 100.3182998 100.9411765 100.056581 99.9972855 100.0 100.0810496 100.1578651 100.9764706 100.0826848 100.3020289 100.9411765 100.0076242 100.3075094 100.9411765 99.9678124 100.3102455 100.9294118 100 100 100 100 100 100 100.0473743 100.3075177 100.9411765 100 100 100 100 100 100 99.987769 99.8422992 100.0470588 100.0106792 99.8423322 100.0470588 99.9739136 99.8748224 100.0392157 100.0229302 99.8721975 100.0392157 100 100 100 100 100 100 100 100 100 100 100 100 100 100 100 100 100 100
99.9985235 99.8637597 100.0196078 99.9479871 100.0080402 100.9960784 99.9341399 100.1604181 100.9568627 99.9234696 100.3155445 100.9215686 100.0565907 99.9998694 100.0 100.0810476 100.1577049 100.9490196 100.084106 100.3019918 100.9137255 100.0075881 100.3155092 100.9137255 99.9632836 100.3182524 100.9137255 100 100 100 100 100 100 100.0473718 100.3128346 100.9137255 100 100 100 100 100 100 99.9892395 99.8448592 100.027451 100.0107026 99.8449209 100.027451 99.9739304 99.8747562 100.0117647 100.0229359 99.8774335 100.0117647 100 100 100 100 100 100 100 100 100 100 100 100 100 100 100 100 100 100
99.9985091 99.8637867 100.0078431 99.9493927 100.0053656 100.9843137 99.9325784 100.160501 100.9568627 99.9249791 100.2965242 100.9176471 100.0565705 99.9998852 100.0 100.081031 100.1604891 100.9294118 100.0840924 100.3020911 100.9019608 100.006097 100.3182387 100.9019608 99.9632243 100.3209888 100.9019608 100 100 100 100 100 100 100.0459015 100.315582 100.9019608 100 100 100 100 100 100 99.9892314 99.8448827 100.0156863 100.0106798 99.8449304 100.0156863 99.9739225 99.874736 100.0 100.0229049 99.8747426 100.0 100 100 100 100 100 100 100 100 100 100 100 100 100 100 100 100 100 100
99.9985248 99.8637817 100.0196078 99.9479911 100.0053736 100.9960784 99.9325849 100.1605083 100.9686275 99.9250381 100.28293 100.9294118 100.0565796 99.9999015 100.0 100.0795856 100.1577678 100.9490196 100.0841269 100.3020372 100.9137255 100.0076445 100.3155477 100.9137255 99.9647652 100.3182444 100.9137255 100 100 100 100 100 100 100.0473779 100.3155814 100.9137255 100 100 100 100 100 100 99.9892379 99.8449033 100.027451 100.0106981 99.8449381 100.027451 99.9739401 99.8747319 100.0117647 100.0229289 99.8747692 100.0117647 100 100 100 100 100 100 100 100 100 100 100 100 100 100 100 100 100 100
99.9985191 99.863797 100.0352941 99.9494014 100.0027138 100.0078431 99.9311045 100.1577395 100.9843137 99.9264803 100.239353 100.9568627 100.056563 99.9999031 100.0 100.0795633 100.1550752 100.9647059 100.084146 100.3020994 100.9176471 100.0090878 100.3047338 100.9176471 99.9678021 100.3047272 100.9176471 100 100 100 100 100 100 100.0473706 100.304749 100.9176471 100 100 100 100 100 100 99.9892276 99.844893 100.0431373 100.0107012 99.8449438 100.0431373 99.9739361 99.872097 100.0352941 100.022928 99.8747668 100.027451 100 100 100 100 100 100 100 100 100 100 100 100 100 100 100 100 100 100
99.9999656 99.8637877 100.0196078 99.9480141 100.0026993 100.9960784 99.9326754 100.1551145 100.9686275 99.9280581 100.2258049 100.9215686 100.0565817 99.9999283 100.0 100.0810641 100.157741 100.9490196 100.084189 100.3020459 100.9019608 100.0076452 100.3020306 100.9019608 99.9663227 100.30202 100.9019608 100 100 100 100 100 100 100.0459376 100.3020349 100.9019608 100 100 100 100 100 100 99.9892751 99.8448906 100.027451 100.010743 99.8449656 100.027451 99.9739607 99.8721067 100.0117647 100.0229558 99.8774553 100.0117647 100 100 100 100 100 100 100 100 100 100 100 100 100 100 100 100 100 100
99.9999511 99.8638054 100.0196078 99.9494185 100.0026986 100.9960784 99.9341129 100.1550541 100.9764706 99.9280298 100.2121748 100.8862745 100.0565747 99.9999262 100.0 100.0810404 100.1577361 100.9490196 100.0841712 100.3046773 100.9137255 100.0076177 100.3020448 100.9137255 99.9663204 100.3047084 100.9019608 100 100 100 100 100 100 100.0458906 100.302023 100.9137255 100 100 100 100 100 100 99.9892509 99.8449082 100.027451 100.0107258 99.8449756 100.027451 99.9739299 99.8747755 100.0196078 100.0229366 99.8748504 100.0117647 100 100 100 100 100 100 100 100 100 100 100 100 100 100 100 100 100 100
99.9985217 99.8638145 100.0078431 99.9494056 100.0027125 100.9921569 99.9295691 100.1659117 100.9019608 99.918823 100.1930725 100.8823529 100.0565686 99.9999371 100.0 100.0795652 100.1550918 100.9372549 100.084149 100.3020849 100.9019608 100.0076112 100.3047058 100.9019608 99.9647497 100.3020434 100.8901961 100 100 100 100 100 100 100.0473596 100.3047249 100.9019608 100 100 100 100 100 100 99.9892296 99.8449349 100.0156863 100.0106972 99.8449968 100.0156863 99.9739131 99.8747995 100.0 100.0229074 99.8774876 100.0 100 100 100 100 100 100 100 100 100 100 100 100 100 100 100 100 100 100
99.9985244 99.8637634 100.027451 99.9494113 100.0053619 100.0 99.9265182 100.1767673 100.8941176 99.9111967 100.1714415 100.9019608 100.0565788 99.9998874 100.0 100.0810407 100.160378 100.9490196 100.0841502 100.3019945 100.9098039 100.0076269 100.3046261 100.9098039 99.9648016 100.3019594 100.9098039 100 100 100 100 100 100 100.0459451 100.304654 100.9098039 100 100 100 100 100 100 99.9877921 99.8448844 100.0352941 100.0107008 99.8449377 100.0352941 99.9739236 99.8747696 100.027451 100.0229288 99.8774328 100.0196078 100 100 100 100 100 100 100 100 100 100 100 100 100 100 100 100 100 100
99.998543 99.8637875 100.0352941 99.9480093 100.0053872 100.0078431 99.9250702 100.1714257 100.9098039 99.9111655 100.1685467 100.9098039 100.0565829 99.9998686 100.0 100.081064 100.1577315 100.9647059 100.0841779 100.3019786 100.9176471 100.0076724 100.3019804 100.9176471 99.9663319 100.3019375 100.9176471 100 100 100 100 100 100 100.0474059 100.3046271 100.9176471 100 100 100 100 100 100 99.987813 99.8448995 100.0431373 100.0107154 99.8449369 100.0431373 99.9739588 99.8747454 100.0352941 100.0229446 99.8747437 100.027451 100 100 100 100 100 100 100 100 100 100 100 100 100 100 100 100 100 100
99.9985343 99.861163 100.0352941 99.947993 100.0054071 100.0 99.9249595 100.1686929 100.9098039 99.9066423 100.1523757 100.9019608 100.0565897 99.9973066 100.0078431 100.0795588 100.1497056 100.9647059 100.0841883 100.2993203 100.9176471 100.0076453 100.2993293 100.9176471 99.9663126 100.2992637 100.9176471 100 100 100 100 100 100 100.0473858 100.29934539999999 100.9176471 100 100 100 100 100 100 99.9892551 99.8422688 100.0431373 100.0107118 99.8423253 100.0431373 99.973955 99.8721306 100.0352941 100.022946 99.8747782 100.027451 100 100 100 100 100 100 100 100 100 100 100 100 100 100 100 100 100 100
99.998535 99.8611967 100.0352941 99.9479705 100.0054444 100.0 99.9219469 100.1577979 100.9372549 99.8974032 100.1496936 100.8901961 100.0565831 99.997324 100.0 100.0810483 100.1578234 100.9647059 100.0842018 100.2994264 100.9176471 100.009166 100.3047442 100.9176471 99.9693788 100.3047423 100.9176471 100 100 100 100 100 100 100.0474746 100.3047578 100.9176471 100 100 100 100 100 100 99.9892566 99.8423298 100.0431373 100.0107162 99.8448852 100.0431373 99.9739507 99.874814 100.0352941 100.0229385 99.8748734 100.027451 100 100 100 100 100 100 100 100 100 100 100 100 100 100 100 100 100 100
99.9985378 99.8612135 100.0470588 99.9479772 100.002786 100.0117647 99.9218908 100.1470776 100.9686275 99.889794 100.1524212 100.9019608 100.0565882 99.9973381 100.0117647 100.0810604 100.1604796 100.9764706 100.0842174 100.2994353 100.9294118 100.0091261 100.3020839 100.9294118 99.9693624 100.3020754 100.9294118 100 100 100 100 100 100 100.0474221 100.3020764 100.9294118 100 100 100 100 100 100 99.9892549 99.8423421 100.054902 100.0107214 99.8448881 100.054902 99.9739578 99.8748533 100.0470588 100.0229537 99.8775334 100.0392157 100 100 100 100 100 100 100 100 100 100 100 100 100 100 100 100 100 100
99.9999612 99.8638234 100.0352941 99.9479834 100.0053168 100.0 99.9219057 100.1441413 100.9647059 99.8882086 100.1550165 100.8823529 100.0565891 99.9999585 100.0 100.0795592 100.1549613 100.9647059 100.0842339 100.3020034 100.9176471 100.0090942 100.3046858 100.9176471 99.9678477 100.3046826 100.9176471 100 100 100 100 100 100 100.0473934 100.3046702 100.9176471 100 100 100 100 100 100 99.989279 99.8449523 100.0431373 100.0107266 99.8474903 100.0431373 99.9739557 99.8774584 100.0352941 100.0229494 99.8774679 100.027451 100 100 100 100 100 100 100 100 100 100 100 100 100 100 100 100 100 100
99.9999651 99.8638296 100.0352941 99.9479862 100.0026844 100.0 99.9219326 100.1332449 100.9568627 99.8882345 100.1658424 100.8823529 100.0565797 99.9999799 100.0 100.0795717 100.1577408 100.9647059 100.085659 100.301899 100.9176471 100.0091064 100.3073691 100.9176471 99.9678432 100.307381 100.9294118 100 100 100 100 100 100 100.0474009 100.3073719 100.9176471 100 100 100 100 100 100 99.9892805 99.8449631 100.0431373 100.0107347 99.8474922 100.0431373 99.9739511 99.8801205 100.0352941 100.0229623 99.8801188 100.027451 100 100 100 100 100 100 100 100 100 100 100 100 100 100 100 100 100 100
99.9999539 99.863902 100.0352941 99.9494096 100.0000783 100.0 99.9203912 100.127866 100.9568627 99.8836317 100.1715419 100.8745098 100.0565605 100.0000178 100.0 100.078026 100.1524299 100.9647059 100.0856914 100.3020978 100.9176471 100.0091135 100.3047356 100.9176471 99.9693535 100.3047551 100.9176471 100 100 100 100 100 100 100.0473964 100.304722 100.9176471 100 100 100 100 100 100 99.9892827 99.845015 100.0431373 100.0107173 99.8475864 100.0431373 99.9739406 99.8775424 100.0352941 100.02294 99.877552 100.027451 100 100 100 100 100 100 100 100 100 100 100 100 100 100 100 100 100 100
99.9999414 99.8638574 100.0352941 99.9494231 100.0026112 100.0 99.9203801 100.1250493 100.9568627 99.8836463 100.1794849 100.8745098 100.055069 100.00002 100.0 100.0795552 100.1604368 100.9647059 100.085677 100.3020704 100.9294118 100.0091267 100.3019814 100.9294118 99.9708613 100.3019835 100.9176471 100 100 100 100 100 100 100.0473768 100.3019794 100.9294118 100 100 100 100 100 100 99.9892698 99.8449723 100.0431373 100.0107064 99.8475296 100.0431373 99.9739232 99.8775098 100.027451 100.0229232 99.8801331 100.027451 100 100 100 100 100 100 100 100 100 100 100 100 100 100 100 100 100 100
99.9999632 99.8638694 100.0352941 99.9494437 100.0026214 100.0 99.9218821 100.1197172 100.9568627 99.8836339 100.1903784 100.8627451 100.0550817 100.0000136 100.0 100.0795306 100.1550374 100.9647059 100.0856709 100.302077 100.9176471 100.0091256 100.3047021 100.9176471 99.9708607 100.3046972 100.9176471 100 100 100 100 100 100 100.0474016 100.3047044 100.9176471 100 100 100 100 100 100 99.9907571 99.8449852 100.0431373 100.0107212 99.8475608 100.0431373 99.9739314 99.8775116 100.0352941 100.0229389 99.8775141 100.027451 100 100 100 100 100 100 100 100 100 100 100 100 100 100 100 100 100 100
99.9999543 99.8639181 100.0470588 99.949454 100.000051 100.0117647 99.9218685 100.1169612 100.9686275 99.8806327 100.2094993 100.8862745 100.0550685 100.0000342 100.0 100.0780486 100.1550295 100.9764706 100.0856887 100.3020447 100.9294118 100.0091655 100.3019991 100.9294118 99.9709204 100.302 100.9294118 100 100 100 100 100 100 100.0474005 100.3019923 100.9294118 100 100 100 100 100 100 99.9878035 99.845021 100.054902 100.0107266 99.847604 100.054902 99.9738972 99.8775578 100.0470588 100.0229232 99.8828574 100.0392157 100 100 100 100 100 100 100 100 100 100 100 100 100 100 100 100 100 100
99.9985352 99.8638856 100.0352941 99.9494697 100.0000358 100.0 99.9219101 100.1142248 100.9568627 99.8821214 100.2121646 100.8745098 100.0550575 100.0000415 100.0 100.0780333 100.1550152 100.9647059 100.0856729 100.3020344 100.9176471 100.0091735 100.3020185 100.9176471 99.9709208 100.3020481 100.9176471 100 100 100 100 100 100 100.047406 100.3020208 100.9176471 100 100 100 100 100 100 99.9877953 99.8450011 100.0431373 100.0107125 99.8476092 100.0431373 99.9724779 99.8801739 100.0352941 100.0229003 99.8828728 100.027451 100 100 100 100 100 100 100 100 100 100 100 100 100 100 100 100 100 100
99.9985372 99.8638993 100.0470588 99.9494532 100.0000561 100.0117647 99.9219248 100.1142274 100.9568627 99.880592 100.2148251 100.8862745 100.0550659 100.0000374 100.0 100.0765273 100.1523882 100.9764706 100.0856957 100.3020383 100.9294118 100.0091771 100.304756 100.9294118 99.9708768 100.3047802 100.9294118 100 100 100 100 100 100 100.0474481 100.3047706 100.9294118 100 100 100 100 100 100 99.9892363 99.8450073 100.054902 100.0106997 99.8476181 100.054902 99.9724755 99.8801999 100.0470588 100.022877 99.880233 100.0392157 100 100 100 100 100 100 100 100 100 100 100 100 100 100 100 100 100 100
99.9985366 99.8638708 100.0470588 99.9494631 100.0000512 100.0117647 99.9233953 100.1115649 100.9686275 99.8821278 100.2148384 100.8941176 100.0535946 100.0000131 100.0 100.0765525 100.1524445 100.9764706 100.0857183 100.3020103 100.9294118 100.0091694 100.3047095 100.9294118 99.9709195 100.3020712 100.9294118 100 100 100 100 100 100 100.0474117 100.3047293 100.9294118 100 100 100 100 100 100 99.987788 99.8449791 100.054902 100.0106979 99.8476029 100.054902 99.9724832 99.8802188 100.0470588 100.0214929 99.8802194 100.0392157 100 100 100 100 100 100 100 100 100 100 100 100 100 100 100 100 100 100
99.9985148 99.8638384 100.0470588 99.9494743 100.0000591 100.0 99.9219731 100.1142688 100.9568627 99.8836658 100.212325 100.9019608 100.0535954 100.0000301 100.0 100.0750388 100.1497745 100.9764706 100.0856988 100.3019836 100.9294118 100.0091757 100.3020241 100.9294118 99.9709303 100.3020164 100.9294118 100 100 100 100 100 100 100.0474163 100.3020491 100.9294118 100 100 100 100 100 100 99.9877309 99.8450009 100.054902 100.0106665 99.847565 100.054902 99.9724571 99.8802483 100.0470588 100.0214949 99.8802498 100.0392157 100 100 100 100 100 100 100 100 100 100 100 100 100 100 100 100 100 100
99.9985087 99.8638344 100.0470588 99.9494699 100.0000664 100.0 99.9234101 100.1142293 100.9764706 99.8851786 100.2122547 100.9019608 100.0535902 100.0000024 100.0 100.0765528 100.1523745 100.9764706 100.0857379 100.3020113 100.9294118 100.0091241 100.3020594 100.9294118 99.9693912 100.3020694 100.9215686 100 100 100 100 100 100 100.0459587 100.3020524 100.9294118 100 100 100 100 100 100 99.9863259 99.844991 100.054902 100.0092564 99.8475545 100.054902 99.9724706 99.8802112 100.0470588 100.0214815 99.880199 100.0392157 100 100 100 100 100 100 100 100 100 100 100 100 100 100 100 100 100 100
99.9985116 99.8638846 100.0470588 99.9494781 100.0000763 100.0117647 99.9234128 100.114323 100.9686275 99.8836791 100.2148811 100.8862745 100.0536008 100.0000226 100.0 100.0765644 100.1524088 100.9764706 100.085719 100.3020735 100.9294118 100.0091415 100.2993363 100.9294118 99.9694261 100.2993605 100.9294118 100 100 100 100 100 100 100.0459773 100.2993298 100.9294118 100 100 100 100 100 100 99.9863242 99.8450647 100.054902 100.0092423 99.8476181 100.054902 99.9724753 99.8802782 100.0470588 100.0214642 99.8802569 100.0392157 100 100 100 100 100 100 100 100 100 100 100 100 100 100 100 100 100 100
99.9984508 99.8639294 100.0470588 99.9494734 100.0000814 100.0117647 99.9234278 100.1142611 100.9764706 99.8851959 100.2122784 100.8941176 100.0535936 99.9999994 100.0 100.076543 100.1497854 100.9764706 100.0857379 100.3019947 100.9294118 100.0091891 100.2993446 100.9294118 99.9709387 100.2993458 100.9294118 100 100 100 100 100 100 100.0474339 100.2993453 100.9294118 100 100 100 100 100 100 99.9862737 99.8476055 100.054902 100.0091868 99.8475976 100.054902 99.9724726 99.880233 100.0470588 100.0214385 99.8775512 100.0392157 100 100 100 100 100 100 100 100 100 100 100 100 100 100 100 100 100 100
99.9984156 99.863941 100.0470588 99.9494702 100.0000799 100.0 99.923411 100.1116221 100.9686275 99.8851986 100.2148372 100.8941176 100.0536003 100.000003 100.0 100.0780684 100.1551202 100.9764706 100.0857144 100.3019769 100.9411765 100.009147 100.3047126 100.9411765 99.9709045 100.3047136 100.9294118 100 100 100 100 100 100 100.0459817 100.3047494 100.9411765 100 100 100 100 100 100 99.986247 99.8476062 100.054902 100.0091588 99.847601 100.054902 99.9724437 99.87758 100.0470588 100.021446 99.8748539 100.0392157 100 100 100 100 100 100 100 100 100 100 100 100 100 100 100 100 100 100
99.9998533 99.863966 100.0470588 99.9508921 100.0001151 100.0117647 99.9248334 100.1143222 100.9686275 99.8866393 100.2148975 100.8941176 100.0550249 99.9999939 100.0 100.0779845 100.1524186 100.9764706 100.0871315 100.3019449 100.9294118 100.0105846 100.302092 100.9294118 99.9723444 100.3021021 100.9294118 100 100 100 100 100 100 100.0488367 100.3020879 100.9294118 100 100 100 100 100 100 99.9876769 99.8476157 100.054902 100.0105965 99.8476062 100.054902 99.9738678 99.8775826 100.0470588 100.0228638 99.8748803 100.0392157 100 100 100 100 100 100 100 100 100 100 100 100 100 100 100 100 100 100
99.9984255 99.8639355 100.0470588 99.9494736 100.0001144 100.0 99.9234183 100.1116414 100.9764706 99.8852163 100.2123442 100.9019608 100.0536129 99.9999911 100.0 100.0780727 100.1524888 100.9764706 100.0857088 100.3020392 100.9294118 100.0092044 100.3020061 100.9294118 99.9709505 100.2993745 100.9294118 100 100 100 100 100 100 100.0474448 100.3020298 100.9294118 100 100 100 100 100 100 99.9862477 99.8476031 100.054902 100.0091624 99.847588 100.054902 99.9724593 99.8775772 100.0470588 100.0214242 99.874841 100.0392157 100 100 100 100 100 100 100 100 100 100 100 100 100 100 100 100 100 100
99.99843 99.8639237 100.0470588 99.9494636 100.0026894 100.0 99.9234028 100.1143057 100.9686275 99.8837083 100.2149022 100.8941176 100.0536053 99.9999694 100.0 100.0765598 100.1497044 100.9843137 100.085695 100.301985 100.9294118 100.0092041 100.302065 100.9294118 99.9709224 100.3020818 100.9294118 100 100 100 100 100 100 100.0474699 100.3020716 100.9294118 100 100 100 100 100 100 99.9862533 99.8475648 100.054902 100.009168 99.8475738 100.054902 99.9724474 99.8775573 100.0470588 100.0214382 99.8748372 100.0392157 100 100 100 100 100 100 100 100 100 100 100 100 100 100 100 100 100 100
99.9984356 99.8639047 100.0470588 99.949467 100.0027065 100.0 99.923412 100.1143051 100.9686275 99.8836787 100.2148463 100.9019608 100.0536078 99.999945 100.0 100.0780731 100.1523012 100.9764706 100.0857225 100.3019482 100.9294118 100.0092129 100.3047115 100.9294118 99.9724089 100.3047418 100.9294118 100 100 100 100 100 100 100.0474612 100.304727 100.9294118 100 100 100 100 100 100 99.986263 99.8475668 100.054902 100.0091727 99.847568 100.054902 99.9724526 99.8775535 100.0470588 100.0214391 99.8748105 100.0392157 100 100 100 100 100 100 100 100 100 100 100 100 100 100 100 100 100 100
99.9984132 99.8639489 100.0470588 99.9494577 100.0001046 100.0 99.9233776 100.1143778 100.9686275 99.8836277 100.2149218 100.8941176 100.0550555 100.0000146 100.0 100.0780374 100.149818 100.9764706 100.0856996 100.3021272 100.9294118 100.0091869 100.3021006 100.9294118 99.9723886 100.3020956 100.9294118 100 100 100 100 100 100 100.0474291 100.3047672 100.9294118 100 100 100 100 100 100 99.986234 99.847618 100.054902 100.0091493 99.8451077 100.054902 99.9724277 99.8776396 100.0392157 100.0214082 99.8748592 100.0392157 100 100 100 100 100 100 100 100 100 100 100 100 100 100 100 100 100 100
99.9984596 99.8638948 100.0470588 99.9494588 100.002695 100.0 99.9219693 100.1170217 100.9568627 99.882156 100.2123228 100.8941176 100.0550903 99.9999843 100.0 100.076581 100.1497625 100.9764706 100.0857471 100.3020769 100.9294118 100.0091895 100.3020626 100.9294118 99.9709352 100.3020695 100.9294118 100 100 100 100 100 100 100.0474388 100.3020859 100.9294118 100 100 100 100 100 100 99.9862815 99.8475898 100.054902 100.0091924 99.8450768 100.054902 99.9724847 99.8802529 100.0470588 100.0214441 99.8775102 100.0392157 100 100 100 100 100 100 100 100 100 100 100 100 100 100 100 100 100 100
99.9984511 99.863914 100.0470588 99.9494633 100.0001144 100.0 99.9219531 100.1170649 100.9686275 99.8821392 100.2122857 100.8862745 100.0550829 99.9999928 100.0 100.0780454 100.1524708 100.9686275 100.0857116 100.3020985 100.9294118 100.0091864 100.3020496 100.9294118 99.9709262 100.3020331 100.9294118 100 100 100 100 100 100 100.0474382 100.3020433 100.9294118 100 100 100 100 100 100 99.9862782 99.8476153 100.054902 100.009187 99.8476269 100.054902 99.9724815 99.8803036 100.0392157 100.0214389 99.8776064 100.027451 100 100 100 100 100 100 100 100 100 100 100 100 100 100 100 100 100 100
99.9984807 99.8638549 100.0352941 99.9494629 100.0026852 100.9921569 99.9219491 100.1170561 100.9647059 99.880653 100.2122 100.8823529 100.0550902 99.9999742 100.0 100.078099 100.1578282 100.9647059 100.0857334 100.3020763 100.9176471 100.0091846 100.3074685 100.9176471 99.9709298 100.307465 100.9176471 100 100 100 100 100 100 100.0474391 100.3074626 100.9176471 100 100 100 100 100 100 99.986299 99.8450349 100.0431373 100.0092128 99.845067 100.0431373 99.972483 99.8802796 100.027451 100.0214693 99.8776031 100.027451 100 100 100 100 100 100 100 100 100 100 100 100 100 100 100 100 100 100
99.9984739 99.8639115 100.0470588 99.9494586 100.0001211 100.0 99.9219448 100.1170433 100.9686275 99.8821415 100.2121566 100.8941176 100.0550852 100.000025 100.0 100.0780368 100.1498343 100.9764706 100.085709 100.3020722 100.9294118 100.0091377 100.2993722 100.9294118 99.9709095 100.299371 100.9294118 100 100 100 100 100 100 100.0459615 100.2993616 100.9294118 100 100 100 100 100 100 99.9862983 99.8450958 100.054902 100.0092197 99.8476257 100.054902 99.9724886 99.8803304 100.0470588 100.0214601 99.8802731 100.0392157 100 100 100 100 100 100 100 100 100 100 100 100 100 100 100 100 100 100
99.9984722 99.8638417 100.0470588 99.9494477 100.0026759 100.0 99.9219187 100.1196395 100.9686275 99.882129 100.2095303 100.8862745 100.0550826 99.9999811 100.0 100.0765366 100.1523805 100.9764706 100.0857025 100.3020479 100.9294118 100.0091659 100.3020532 100.9294118 99.9708985 100.3020661 100.9294118 100 100 100 100 100 100 100.0474194 100.3020428 100.9294118 100 100 100 100 100 100 99.9877088 99.845008 100.054902 100.0092246 99.8450383 100.054902 99.9724775 99.8802605 100.0470588 100.0214686 99.8801854 100.0392157 100 100 100 100 100 100 100 100 100 100 100 100 100 100 100 100 100 100
99.9984925 99.8638206 100.0352941 99.9494442 100.0000855 100.0 99.9219431 100.1197056 100.9568627 99.8806113 100.2094569 100.8627451 100.0550799 100.0000095 100.0 100.0780599 100.1550288 100.9647059 100.0842535 100.3020393 100.9176471 100.0091813 100.3019575 100.9176471 99.9709263 100.2993389 100.9176471 100 100 100 100 100 100 100.0474272 100.3019723 100.9176471 100 100 100 100 100 100 99.9877336 99.8449679 100.0431373 100.0106544 99.845017 100.0431373 99.9724972 99.8801947 100.0352941 100.0228884 99.8801968 100.027451 100 100 100 100 100 100 100 100 100 100 100 100 100 100 100 100 100 100
99.9984915 99.8638165 100.0470588 99.9494444 100.0026475 100.0117647 99.9233711 100.1196942 100.9764706 99.883629 100.1986183 100.9019608 100.0550889 99.9999847 100.0 100.0780205 100.1523308 100.9764706 100.0857055 100.3021133 100.9294118 100.0091497 100.3047542 100.9294118 99.9708868 100.3047625 100.9294118 100 100 100 100 100 100 100.0474254 100.3047516 100.9294118 100 100 100 100 100 100 99.9877288 99.8449746 100.054902 100.0106431 99.8449879 100.054902 99.9724905 99.8801602 100.0470588 100.0229056 99.8748251 100.0392157 100 100 100 100 100 100 100 100 100 100 100 100 100 100 100 100 100 100
99.9985105 99.8638496 100.0470588 99.949425 100.0000823 100.0117647 99.9219024 100.1251684 100.9686275 99.8791003 100.1931589 100.8862745 100.0565562 100.0000221 100.0 100.0780529 100.1524478 100.9764706 100.085662 100.302062 100.9294118 100.0091065 100.3020351 100.9294118 99.9693722 100.3020467 100.9294118 100 100 100 100 100 100 100.0473667 100.3020119 100.9294118 100 100 100 100 100 100 99.9877801 99.8449763 100.054902 100.0106767 99.845039 100.054902 99.973903 99.8775355 100.0392157 100.0229108 99.8775305 100.0392157 100 100 100 100 100 100 100 100 100 100 100 100 100 100 100 100 100 100
99.9985231 99.8638381 100.0470588 99.9494199 100.0026518 100.0117647 99.9218987 100.1277761 100.9686275 99.8851671 100.1903191 100.8941176 100.0550962 100.0000135 100.0 100.0780317 100.1523162 100.9764706 100.0856581 100.3020441 100.9294118 100.009124 100.302018 100.9294118 99.9708367 100.3020248 100.9294118 100 100 100 100 100 100 100.0473988 100.3020027 100.9294118 100 100 100 100 100 100 99.9892413 99.8449713 100.054902 100.0106992 99.8475388 100.054902 99.9739269 99.8774897 100.0470588 100.0229106 99.8774982 100.0392157 100 100 100 100 100 100 100 100 100 100 100 100 100 100 100 100 100 100
99.9999479 99.8638461 100.0470588 99.9494176 100.0026419 100.0117647 99.9219111 100.1279255 100.9764706 99.8852006 100.1850166 100.8862745 100.0565611 100.0000289 100.0 100.0795681 100.1577322 100.9764706 100.0856866 100.3020627 100.9294118 100.0090979 100.3047256 100.9294118 99.9693513 100.3047385 100.9215686 100 100 100 100 100 100 100.0459447 100.3046972 100.9294118 100 100 100 100 100 100 99.989259 99.8449476 100.054902 100.0107284 99.8450077 100.054902 99.9739544 99.8747859 100.0392157 100.0229392 99.8775361 100.0392157 100 100 100 100 100 100 100 100 100 100 100 100 100 100 100 100 100 100
99.9999416 99.8638736 100.0352941 99.94941 100.0000643 100.0 99.9218717 100.1333096 100.9568627 99.8866951 100.1768482 100.8823529 100.0565585 100.0000349 100.0 100.0795317 100.1551175 100.9647059 100.0856791 100.3021011 100.9176471 100.0091259 100.302055 100.9176471 99.9693639 100.3020563 100.9098039 100 100 100 100 100 100 100.0474026 100.3020409 100.9176471 100 100 100 100 100 100 99.9892572 99.8449813 100.0431373 100.0107182 99.8475572 100.0431373 99.9739622 99.8721656 100.0352941 100.0229239 99.8775659 100.027451 100 100 100 100 100 100 100 100 100 100 100 100 100 100 100 100 100 100
99.9999501 99.8637583 100.0352941 99.949397 100.000061 100.0 99.9233826 100.1359741 100.9647059 99.8882855 100.1740673 100.8745098 100.0565541 100.0000252 100.0 100.0795407 100.1577261 100.9647059 100.0856761 100.3020703 100.9176471 100.0091347 100.3020189 100.9176471 99.9708689 100.3020314 100.9176471 100 100 100 100 100 100 100.0473876 100.3020032 100.9176471 100 100 100 100 100 100 99.9907514 99.8448458 100.0431373 100.0107339 99.8449718 100.0431373 99.973959 99.872056 100.0352941 100.0229566 99.8802034 100.027451 100 100 100 100 100 100 100 100 100 100 100 100 100 100 100 100 100 100
99.9999617 99.8612214 100.0352941 99.9493981 100.0000484 100.0078431 99.9219159 100.1387251 100.9647059 99.8897429 100.1767914 100.8823529 100.0565501 100.0000234 100.0 100.0795135 100.1604634 100.9647059 100.0856463 100.30467 100.9294118 100.0090916 100.3047114 100.9294118 99.9693177 100.3047232 100.9176471 100 100 100 100 100 100 100.0473696 100.3046952 100.9294118 100 100 100 100 100 100 99.9907705 99.8448108 100.0431373 100.0107212 99.8449356 100.0431373 99.9739579 99.8720077 100.0352941 100.022942 99.8775175 100.027451 100 100 100 100 100 100 100 100 100 100 100 100 100 100 100 100 100 100
99.9999681 99.8611842 100.0352941 99.94939 100.0026249 100.0 99.9233605 100.1440895 100.9647059 99.8882611 100.1821709 100.8745098 100.0565652 99.9999819 100.0 100.0795503 100.1550545 100.9647059 100.0842253 100.3046781 100.9176471 100.0090836 100.3019896 100.9098039 99.9693306 100.3019733 100.9098039 100 100 100 100 100 100 100.0473498 100.3019691 100.9098039 100 100 100 100 100 100 99.9907619 99.8447656 100.0431373 100.0107461 99.8448736 100.0431373 99.9739906 99.8694067 100.0352941 100.0229728 99.8774786 100.027451 100 100 100 100 100 100 100 100 100 100 100 100 100 100 100 100 100 100
99.9999913 99.8637148 100.0470588 99.9493966 100.0026341 100.0117647 99.9233965 100.146794 100.9686275 99.8943781 100.1875744 100.8941176 100.0565784 99.9999776 100.0 100.0795444 100.1550443 100.9764706 100.0842335 100.30469 100.9411765 100.0090703 100.3047086 100.9411765 99.9678289 100.3046777 100.9294118 100 100 100 100 100 100 100.0473619 100.3046992 100.9411765 100 100 100 100 100 100 99.9908051 99.8447953 100.054902 100.0107488 99.8448925 100.054902 99.9739972 99.8719947 100.0470588 100.0229792 99.8747819 100.0470588 100 100 100 100 100 100 100 100 100 100 100 100 100 100 100 100 100 100
99.9985091 99.8612545 100.0352941 99.9479393 100.0000453 100.0078431 99.9219381 100.1469171 100.972549 99.8974822 100.1904154 100.8823529 100.0551092 100.0000226 100.0 100.0795548 100.1577619 100.9647059 100.0827219 100.3047719 100.9176471 100.0075955 100.3020799 100.9176471 99.9663384 100.3020497 100.9176471 100 100 100 100 100 100 100.0458744 100.3047231 100.9176471 100 100 100 100 100 100 99.9907918 99.8448395 100.0431373 100.009269 99.8449355 100.0431373 99.972526 99.872051 100.027451 100.0214906 99.87485 100.027451 100 100 100 100 100 100 100 100 100 100 100 100 100 100 100 100 100 100
99.9999693 99.861254 100.0352941 99.9493988 100.0000399 100.0 99.9248899 100.1387753 100.972549 99.9005186 100.1933069 100.8901961 100.0565661 100.0000039 100.0 100.0810029 100.1577818 100.9647059 100.0841772 100.3047014 100.9294118 100.0075793 100.302061 100.9294118 99.9647591 100.3020402 100.9176471 100 100 100 100 100 100 100.0459 100.3020539 100.9294118 100 100 100 100 100 100 99.9907855 99.8448411 100.0431373 100.0107373 99.8449425 100.0431373 99.9739999 99.8694764 100.0352941 100.022969 99.8774915 100.027451 100 100 100 100 100 100 100 100 100 100 100 100 100 100 100 100 100 100
99.9985142 99.8612787 100.0352941 99.9479502 100.0000526 100.0 99.9234324 100.1442412 100.9843137 99.8989943 100.2149879 100.8823529 100.0551045 100.000011 100.0 100.0795557 100.1605417 100.9647059 100.0827011 100.3047483 100.9176471 100.0061211 100.3047878 100.9176471 99.9618039 100.3047729 100.9176471 100 100 100 100 100 100 100.0444571 100.3074721 100.9176471 100 100 100 100 100 100 99.9893126 99.8448755 100.0431373 100.0092758 99.8449471 100.0431373 99.9725429 99.8695107 100.027451 100.0215143 99.8748869 100.027451 100 100 100 100 100 100 100 100 100 100 100 100 100 100 100 100 100 100
99.9985125 99.8612446 100.0352941 99.9479464 100.0000923 100.0078431 99.9249839 100.1470626 100.9843137 99.9051 100.2367727 100.9019608 100.0551184 99.9999922 100.0 100.0780643 100.1578102 100.9647059 100.0827026 100.3021571 100.9176471 100.0060938 100.3020819 100.9176471 99.9617894 100.3020412 100.9176471 100 100 100 100 100 100 100.0444094 100.3047843 100.9176471 100 100 100 100 100 100 99.9893091 99.8448647 100.0431373 100.0092776 99.844929 100.0431373 99.9725385 99.8695194 100.0352941 100.0215068 99.8749048 100.027451 100 100 100 100 100 100 100 100 100 100 100 100 100 100 100 100 100 100
99.9984859 99.8612809 100.0352941 99.9479583 100.0000677 100.0078431 99.9265122 100.1496961 100.9921569 99.9081325 100.2557618 100.9019608 100.0550835 100.0000031 100.0 100.0795407 100.160616 100.9647059 100.082624 100.3047787 100.9176471 100.0060663 100.2993985 100.9176471 99.963279 100.2993359 100.9176471 100 100 100 100 100 100 100.044356 100.3020756 100.9176471 100 100 100 100 100 100 99.9892937 99.8448705 100.0431373 100.0092432 99.8449578 100.0431373 99.9724974 99.8695212 100.027451 100.0214677 99.8749111 100.027451 100 100 100 100 100 100 100 100 100 100 100 100 100 100 100 100 100 100
99.9984624 99.8612203 100.0352941 99.9479499 100.0000902 100.0078431 99.9295522 100.1496815 100.9843137 99.9097321 100.2611927 100.9176471 100.055084 99.9999872 100.0 100.0795015 100.1551659 100.9647059 100.082611 100.304769 100.9176471 100.006036 100.3020931 100.9176471 99.9617429 100.3020403 100.9176471 100 100 100 100 100 100 100.0443504 100.3047826 100.9176471 100 100 100 100 100 100 99.9892727 99.8448055 100.0431373 100.0092348 99.8449016 100.0431373 99.9725039 99.8694657 100.0352941 100.0214694 99.8748833 100.027451 100 100 100 100 100 100 100 100 100 100 100 100 100 100 100 100 100 100
99.9984404 99.861245 100.027451 99.9479286 100.0026974 100.0 99.9310834 100.1605015 100.9843137 99.9112442 100.2992803 100.9176471 100.056525 99.9999652 100.0 100.0795482 100.1632255 100.9647059 100.0825678 100.3021355 100.9294118 100.0060621 100.3074648 100.9294118 99.964738 100.3074359 100.9176471 100 100 100 100 100 100 100.0443717 100.3101747 100.9294118 100 100 100 100 100 100 99.9892488 99.8448131 100.0431373 100.0092203 99.844905 100.0431373 99.9724923 99.869463 100.027451 100.0214554 99.87487110000001 100.027451 100 100 100 100 100 100 100 100 100 100 100 100 100 100 100 100 100 100
99.9984486 99.8612369 100.0352941 99.9479306 100.0027162 100.0078431 99.9325922 100.1632693 100.9843137 99.9127179 100.3129328 100.9294118 100.0565267 99.9999431 100.0 100.0795284 100.1550432 100.9647059 100.0825986 100.3020078 100.9176471 100.0075475 100.3101617 100.9176471 99.9662859 100.3101994 100.9294118 100 100 100 100 100 100 100.0458507 100.3101823 100.9176471 100 100 100 100 100 100 99.9892532 99.8448198 100.0431373 100.0092324 99.8449259 100.0431373 99.9725002 99.8720443 100.0352941 100.021485 99.8775106 100.0352941 100 100 100 100 100 100 100 100 100 100 100 100 100 100 100 100 100 100
99.9984339 99.8612374 100.027451 99.9479218 100.0053558 100.0 99.9326419 100.1659631 100.9764706 99.9127326 100.3237633 100.9215686 100.0565186 99.999923 100.0 100.0795646 100.1631611 100.9568627 100.0826008 100.3020977 100.9215686 100.0060998 100.310132 100.9215686 99.9632568 100.3074504 100.9098039 100 100 100 100 100 100 100.045864 100.3101695 100.9215686 100 100 100 100 100 100 99.9892388 99.8448194 100.0352941 100.0092184 99.8449139 100.0352941 99.9724796 99.8720317 100.027451 100.0214746 99.8775012 100.027451 100 100 100 100 100 100 100 100 100 100 100 100 100 100 100 100 100 100
99.9984585 99.8612494 100.0352941 99.9479291 100.0053806 100.0 99.9341023 100.1685855 100.9843137 99.914292 100.3374051 100.9372549 100.056538 99.999926 100.0 100.0795379 100.1550468 100.9647059 100.0826229 100.3020568 100.9176471 100.0061158 100.3020478 100.9176471 99.9663019 100.3019913 100.9176471 100 100 100 100 100 100 100.0443933 100.3020549 100.9176471 100 100 100 100 100 100 99.9892832 99.8448468 100.0431373 100.0092364 99.8449626 100.0431373 99.9725128 99.8720795 100.0352941 100.0214805 99.8775674 100.027451 100 100 100 100 100 100 100 100 100 100 100 100 100 100 100 100 100 100
99.9984573 99.8612205 100.027451 99.9479161 100.0053603 100.9960784 99.9340973 100.1686106 100.9764706 99.9142916 100.342713 100.9372549 100.0565442 99.9999328 100.0 100.0809995 100.1604855 100.9568627 100.0826144 100.3019486 100.9215686 100.0075772 100.3047397 100.9215686 99.966312 100.3046872 100.9098039 100 100 100 100 100 100 100.0458745 100.3047405 100.9215686 100 100 100 100 100 100 99.9892838 99.8448494 100.0352941 100.0092253 99.8449231 100.0352941 99.9739171 99.8720572 100.027451 100.0214738 99.8775293 100.0196078 100 100 100 100 100 100 100 100 100 100 100 100 100 100 100 100 100 100
99.998484 99.8612278 100.0196078 99.9479103 100.0053722 100.9960784 99.9340644 100.1713986 100.9686275 99.9157796 100.3401143 100.9294118 100.0565411 99.9973991 100.0 100.0809917 100.1658616 100.9411765 100.0826336 100.3020791 100.9019608 100.0075726 100.3074387 100.9019608 99.9662688 100.3047552 100.9019608 100 100 100 100 100 100 100.0458943 100.3074588 100.9019608 100 100 100 100 100 100 99.9907682 99.8448427 100.027451 100.0106573 99.844931 100.027451 99.9725034 99.8720726 100.0117647 100.0214747 99.8775024 100.0117647 100 100 100 100 100 100 100 100 100 100 100 100 100 100 100 100 100 100
99.9984653 99.861204 100.027451 99.9479189 100.0054014 100.0 99.9340949 100.1713022 100.9647059 99.9157905 100.3400837 100.9372549 100.0565521 99.9998988 100.0 100.0795708 100.1604915 100.9568627 100.0826383 100.3020776 100.9098039 100.0075407 100.3047217 100.9098039 99.9662867 100.3046833 100.9098039 100 100 100 100 100 100 100.0458385 100.3047308 100.9098039 100 100 100 100 100 100 99.9892749 99.8448226 100.0352941 100.0092297 99.8448832 100.0352941 99.9724998 99.8720812 100.027451 100.0214732 99.8748288 100.0196078 100 100 100 100 100 100 100 100 100 100 100 100 100 100 100 100 100 100
99.9969589 99.861223 100.0196078 99.9464245 100.0054343 100.9960784 99.9325468 100.1713559 100.9686275 99.9127806 100.3373453 100.9411765 100.0550477 99.9973559 100.0 100.07952 100.1632234 100.9411765 100.0811589 100.3046545 100.9019608 100.0060459 100.3074471 100.9137255 99.9647678 100.3074353 100.9019608 100 100 100 100 100 100 100.0443758 100.3101504 100.9137255 100 100 100 100 100 100 99.9892436 99.8448303 100.027451 100.0077199 99.8449234 100.027451 99.9709868 99.8720594 100.0196078 100.0199508 99.8774935 100.0117647 100 100 100 100 100 100 100 100 100 100 100 100 100 100 100 100 100 100
99.9969631 99.8637362 100.027451 99.9464511 100.0080791 100.0 99.932583 100.1713231 100.9647059 99.9112909 100.3318973 100.9490196 100.0550655 99.9973309 100.0 100.0795261 100.1604952 100.9568627 100.0811798 100.3046358 100.9098039 100.0060712 100.3074229 100.9098039 99.9632987 100.3074071 100.9098039 100 100 100 100 100 100 100.0444085 100.3101104 100.9098039 100 100 100 100 100 100 99.987776 99.8448368 100.0352941 100.007741 99.8448999 100.0352941 99.9710062 99.8720634 100.027451 100.0199896 99.8774782 100.0196078 100 100 100 100 100 100 100 100 100 100 100 100 100 100 100 100 100 100
99.9970088 99.8611853 100.027451 99.9464433 100.008096 100.0 99.9325914 100.1712268 100.9843137 99.9112929 100.3291156 100.9490196 100.0550831 99.9973317 100.0 100.0795518 100.1577005 100.9568627 100.0811955 100.3020377 100.9098039 100.0046358 100.3046867 100.9098039 99.9632876 100.304663 100.9098039 100 100 100 100 100 100 100.0443754 100.3046984 100.9098039 100 100 100 100 100 100 99.9892963 99.8448026 100.0352941 100.0077631 99.8448791 100.0352941 99.9710256 99.8720581 100.027451 100.0199908 99.8774378 100.0196078 100 100 100 100 100 100 100 100 100 100 100 100 100 100 100 100 100 100
99.996957 99.8637396 100.0196078 99.9464351 100.0081121 100.9960784 99.9325907 100.1685836 100.9686275 99.9112412 100.3238143 100.9294118 100.055088 99.9973398 100.0 100.0795619 100.1604342 100.9490196 100.0811891 100.3020431 100.9019608 100.006086 100.3046644 100.9019608 99.966353 100.30468 100.9019608 100 100 100 100 100 100 100.0443713 100.3046935 100.9019608 100 100 100 100 100 100 99.9877532 99.8448594 100.027451 100.007731 99.8448961 100.027451 99.9709953 99.8747537 100.0196078 100.0199818 99.8748188 100.0196078 100 100 100 100 100 100 100 100 100 100 100 100 100 100 100 100 100 100
