100.0001088 99.8504409 100.027451 99.9388888 100.0000118 100.0196078 99.9249784 100.160488 100.0 99.9066906 100.3264644 100.9568627 100.059682 99.9999514 100.0 100.0856824 100.1659384 100.9647059 100.0872864 100.3292013 100.9372549 100.0000159 100.3319733 100.9372549 99.9617435 100.3292885 100.9294118 100 100 100 100 100 100 100.0398152 100.3346567 100.9372549 100 100 100 100 100 100 99.9877911 99.8447757 100.0352941 100.0107532 99.834061 100.0470588 99.9724809 99.8748878 100.0352941 100.0244514 99.863908 100.027451 100 100 100 100 100 100 100 100 100 100 100 100 100 100 100 100 100 100
100.0001062 99.8504658 100.0196078 99.9403144 100.0000017 100.0117647 99.9249546 100.1579093 100.9960784 99.9066727 100.3264005 100.9490196 100.059686 99.9999676 100.0 100.0842589 100.1605535 100.9568627 100.0872843 100.3292065 100.9215686 100.0000253 100.3346827 100.9215686 99.9617414 100.3346594 100.9215686 100 100 100 100 100 100 100.03982 100.3346717 100.9215686 100 100 100 100 100 100 99.9877931 99.8447838 100.027451 100.0107543 99.8366817 100.027451 99.9724799 99.8748246 100.027451 100.0244441 99.8638695 100.0196078 100 100 100 100 100 100 100 100 100 100 100 100 100 100 100 100 100 100
100.0000786 99.850498 100.9764706 99.9403244 99.9999821 100.9843137 99.9249925 100.1579261 100.9568627 99.9035452 100.3103018 100.9019608 100.0596561 99.9999903 100.0 100.0856442 100.1633252 100.9019608 100.0872544 100.3293293 100.8745098 99.9999649 100.3320535 100.8745098 99.9616734 100.3293276 100.8745098 100 100 100 100 100 100 100.0382885 100.3347399 100.8745098 100 100 100 100 100 100 99.9877898 99.8422499 100.9843137 100.0107461 99.8341011 100.9843137 99.9739269 99.8748635 100.9764706 100.0244518 99.861323 100.9764706 100 100 100 100 100 100 100 100 100 100 100 100 100 100 100 100 100 100
100.0014856 99.8504567 100.027451 99.9403236 99.9999696 100.0196078 99.9250204 100.1578466 100.0078431 99.9020119 100.3047183 100.9647059 100.0596627 100.0000153 100.0 100.0856476 100.1660306 100.9568627 100.0872344 100.3291635 100.9372549 99.9999714 100.3292522 100.9372549 99.9616807 100.3265598 100.9372549 100 100 100 100 100 100 100.039743 100.3292717 100.9372549 100 100 100 100 100 100 99.9877917 99.8421861 100.0352941 100.010743 99.8340409 100.0352941 99.9739067 99.8748014 100.027451 100.0244541 99.8639613 100.027451 100 100 100 100 100 100 100 100 100 100 100 100 100 100 100 100 100 100
100.0015317 99.8505056 100.0 99.9417751 99.997369 100.0 99.9249996 100.1552206 100.9843137 99.8927927 100.2856645 100.9372549 100.0596556 100.0000575 100.0 100.0856004 100.1632932 100.9294118 100.0872087 100.329305 100.9098039 99.9999355 100.3293156 100.9098039 99.9616137 100.329275 100.9098039 100 100 100 100 100 100 100.0382528 100.3293331 100.9098039 100 100 100 100 100 100 99.9892442 99.8422356 100.0 100.0121815 99.8341117 100.0078431 99.9739236 99.8723182 100.0078431 100.0244729 99.8612606 100.9960784 100 100 100 100 100 100 100 100 100 100 100 100 100 100 100 100 100 100
100.0029786 99.8505337 100.0666667 99.9417941 99.9973901 100.0666667 99.9249748 100.1525141 100.0470588 99.8897953 100.2641545 100.0 100.059657 100.00007 100.0 100.0856001 100.1633752 100.0 100.0872138 100.3293512 100.9764706 99.9999352 100.3320235 100.9764706 99.9601658 100.329296 100.9686275 100 100 100 100 100 100 100.0397192 100.3320434 100.9764706 100 100 100 100 100 100 99.989252 99.8422449 100.0745098 100.0122007 99.8341228 100.0745098 99.9739421 99.8722963 100.0745098 100.0245017 99.8613234 100.0666667 100 100 100 100 100 100 100 100 100 100 100 100 100 100 100 100 100 100
100.0030258 99.8505173 100.0078431 99.941822 99.9973805 100.0078431 99.9234522 100.1524892 100.0078431 99.8851855 100.2531768 100.9568627 100.0596207 100.0000816 100.0 100.0841422 100.1714986 100.9372549 100.0857126 100.3293713 100.9176471 99.9984548 100.3266355 100.9176471 99.9601162 100.3238558 100.9176471 100 100 100 100 100 100 100.0382334 100.3292727 100.9176471 100 100 100 100 100 100 99.9892578 99.8395773 100.0078431 100.0107707 99.8341404 100.0156863 99.9724795 99.8722392 100.0156863 100.0244395 99.8639686 100.0078431 100 100 100 100 100 100 100 100 100 100 100 100 100 100 100 100 100 100
100.0045556 99.8505661 100.0 99.9433226 99.9973864 100.0 99.918872 100.1525063 100.9960784 99.8729122 100.2286983 100.9215686 100.0596406 100.0000712 100.0 100.0841521 100.1633898 100.9294118 100.0857469 100.3293932 100.9137255 99.998399 100.3293297 100.9137255 99.9586605 100.3265923 100.9019608 100 100 100 100 100 100 100.0367337 100.3293427 100.9137255 100 100 100 100 100 100 99.9908141 99.8422766 100.0 100.012216 99.8341737 100.0 99.9739278 99.8722994 100.0 100.0245315 99.8639902 100.9960784 100 100 100 100 100 100 100 100 100 100 100 100 100 100 100 100 100 100
100.0031 99.850576 100.027451 99.9433448 99.9973392 100.0352941 99.9128079 100.1525324 100.0196078 99.8622785 100.2177856 100.9372549 100.0581729 100.0001037 100.0 100.082711 100.1741951 100.9568627 100.0856988 100.3294291 100.9372549 99.9969409 100.3293575 100.9372549 99.9586463 100.3266349 100.9294118 100 100 100 100 100 100 100.0367459 100.3293506 100.9372549 100 100 100 100 100 100 99.9908437 99.8422638 100.027451 100.0107252 99.8368155 100.0352941 99.9724339 99.8722237 100.0352941 100.0230226 99.8613612 100.027451 100 100 100 100 100 100 100 100 100 100 100 100 100 100 100 100 100 100
100.0046042 99.8505718 100.0196078 99.9433685 99.9973339 100.0470588 99.9111785 100.1524117 100.0117647 99.8591731 100.2042277 100.9411765 100.0581488 100.0001143 100.0 100.0826951 100.1715249 100.9490196 100.0856941 100.3294479 100.9294118 99.9969331 100.3320289 100.9294118 99.9586506 100.3266446 100.9215686 100 100 100 100 100 100 100.0367301 100.332055 100.9294118 100 100 100 100 100 100 99.9923098 99.8448786 100.027451 100.0107579 99.8341789 100.0392157 99.9724472 99.8722563 100.027451 100.025988 99.8666821 100.0196078 100 100 100 100 100 100 100 100 100 100 100 100 100 100 100 100 100 100
100.0046028 99.8531715 100.0352941 99.9433184 99.9946556 100.027451 99.9004887 100.1389823 100.0 99.8453502 100.1878667 100.9490196 100.056659 100.0001867 100.0 100.0811597 100.17149 100.9568627 100.0826881 100.3321148 100.9294118 99.9953662 100.3294253 100.9294118 99.9556162 100.3266978 100.9372549 100 100 100 100 100 100 100.0336993 100.3320999 100.9294118 100 100 100 100 100 100 99.992327 99.8423531 100.0352941 100.0122396 99.8368736 100.0470588 99.9709769 99.8723459 100.0352941 100.0274884 99.8694223 100.027451 100 100 100 100 100 100 100 100 100 100 100 100 100 100 100 100 100 100
100.0060565 99.8557876 100.0352941 99.9433662 99.9918569 100.0196078 99.8974754 100.1361136 100.0078431 99.8362629 100.1795134 100.9372549 100.0566916 100.0027303 100.0 100.0811724 100.168675 100.9568627 100.0827137 100.3346196 100.9490196 99.9953948 100.3292383 100.9490196 99.9571218 100.3264952 100.9294118 100 100 100 100 100 100 100.0337227 100.3292378 100.9490196 100 100 100 100 100 100 99.9923752 99.8449206 100.0352941 100.0137839 99.8394839 100.0352941 99.9724611 99.8749217 100.0352941 100.0290219 99.8693629 100.0352941 100 100 100 100 100 100 100 100 100 100 100 100 100 100 100 100 100 100
100.0060751 99.8557652 100.0352941 99.9433286 99.9918212 100.0 99.8959157 100.1359243 100.0 99.8331089 100.1741698 100.9294118 100.0581169 100.0027924 100.0 100.0811444 100.1687181 100.9490196 100.0841403 100.3320526 100.9372549 99.995365 100.3292398 100.9372549 99.9570828 100.3237787 100.9372549 100 100 100 100 100 100 100.0336933 100.3319274 100.9372549 100 100 100 100 100 100 99.9937772 99.8449254 100.0352941 100.0152917 99.8421223 100.0352941 99.9724597 99.874944 100.0352941 100.0290304 99.8719807 100.027451 100 100 100 100 100 100 100 100 100 100 100 100 100 100 100 100 100 100
100.006125 99.8558856 100.0156863 99.9433371 99.9892266 100.9921569 99.888231 100.1225361 100.9843137 99.8223999 100.1579754 100.9098039 100.0581324 100.0027782 100.0 100.0811707 100.1742032 100.9294118 100.0826813 100.3320731 100.9176471 99.995372 100.3293795 100.9176471 99.9570699 100.3239573 100.9176471 100 100 100 100 100 100 100.035188 100.3320863 100.9176471 100 100 100 100 100 100 99.9938269 99.8449783 100.0156863 100.0167965 99.8422555 100.0156863 99.9739845 99.8749302 100.0156863 100.0305117 99.8694673 100.0156863 100 100 100 100 100 100 100 100 100 100 100 100 100 100 100 100 100 100
100.0046815 99.8558702 100.0078431 99.9418708 99.9892676 100.9960784 99.8837901 100.1144676 100.9843137 99.8194227 100.1552673 100.9019608 100.0566432 100.0027484 100.0 100.0797015 100.1715543 100.9215686 100.082655 100.3294547 100.9098039 99.9938881 100.3294026 100.9098039 99.9555954 100.3266577 100.9098039 100 100 100 100 100 100 100.0322051 100.332087 100.9098039 100 100 100 100 100 100 99.9923906 99.8449344 100.0078431 100.0153646 99.8422427 100.0078431 99.9740189 99.8748918 100.0078431 100.0290592 99.8693993 100.0 100 100 100 100 100 100 100 100 100 100 100 100 100 100 100 100 100 100
100.0046598 99.8559052 100.0156863 99.9418636 99.9892568 100.0 99.8821969 100.1117816 100.9843137 99.8132622 100.1552344 100.9019608 100.0566486 100.0027647 100.0 100.079671 100.1742246 100.9294118 100.0811707 100.329477 100.9176471 99.9938582 100.332075 100.9176471 99.9541067 100.326645 100.9098039 100 100 100 100 100 100 100.0321959 100.3348316 100.9176471 100 100 100 100 100 100 99.9923707 99.8450275 100.0156863 100.0167553 99.8449251 100.0156863 99.9740181 99.8749567 100.0156863 100.0290226 99.8694945 100.0078431 100 100 100 100 100 100 100 100 100 100 100 100 100 100 100 100 100 100
100.0060915 99.8559185 100.0156863 99.9418704 99.9892424 100.0078431 99.8821234 100.1090675 100.9843137 99.8101912 100.1553759 100.9019608 100.056647 100.0027777 100.0 100.0796841 100.1741412 100.9372549 100.0812049 100.3320648 100.9176471 99.9938923 100.3293329 100.9176471 99.9555773 100.3239062 100.9176471 100 100 100 100 100 100 100.0336889 100.3293663 100.9176471 100 100 100 100 100 100 99.9924231 99.84504 100.027451 100.0167974 99.844932 100.027451 99.9755199 99.874985 100.0156863 100.0290637 99.8695002 100.0078431 100 100 100 100 100 100 100 100 100 100 100 100 100 100 100 100 100 100
100.00609 99.8558824 100.027451 99.9418789 99.9919136 100.0117647 99.8775611 100.1061123 100.9960784 99.807135 100.1714217 100.9137255 100.0566414 100.0027723 100.0 100.0796553 100.1741112 100.9490196 100.0826776 100.3347198 100.9215686 99.9938586 100.3320364 100.9215686 99.9541056 100.329293 100.9294118 100 100 100 100 100 100 100.0336832 100.3347584 100.9215686 100 100 100 100 100 100 99.9924356 99.8475257 100.027451 100.0167992 99.8449277 100.027451 99.977018 99.8749494 100.027451 100.0290654 99.8694363 100.027451 100 100 100 100 100 100 100 100 100 100 100 100 100 100 100 100 100 100
100.0076121 99.858552 100.027451 99.9433723 99.991898 100.0 99.8775466 100.103394 100.9960784 99.8040612 100.1742457 100.8941176 100.0581254 100.002793 100.0 100.0811403 100.1715317 100.9568627 100.084169 100.3320133 100.9215686 99.9953605 100.329312 100.9294118 99.9556119 100.326585 100.9294118 100 100 100 100 100 100 100.0336845 100.3293487 100.9294118 100 100 100 100 100 100 99.9953389 99.8475266 100.0392157 100.0183213 99.8449703 100.0392157 99.9770355 99.8749488 100.027451 100.0305768 99.8694423 100.027451 100 100 100 100 100 100 100 100 100 100 100 100 100 100 100 100 100 100
100.0060933 99.8585009 100.027451 99.9433323 99.9919061 100.0 99.8775595 100.0979849 100.972549 99.8010526 100.1769748 100.8823529 100.0566305 100.0028269 100.9921569 100.0796353 100.17418 100.945098 100.082675 100.3293742 100.9098039 99.9938615 100.3265764 100.9176471 99.9541266 100.3238182 100.9098039 100 100 100 100 100 100 100.0321992 100.3292544 100.9098039 100 100 100 100 100 100 99.9938391 99.8475092 100.027451 100.0168045 99.8449814 100.027451 99.9755416 99.8749386 100.0156863 100.0290487 99.8695073 100.0156863 100 100 100 100 100 100 100 100 100 100 100 100 100 100 100 100 100 100
100.00761 99.8584827 100.0392157 99.944809 99.9918848 100.0117647 99.8806174 100.0952885 100.9843137 99.8040944 100.1932016 100.9137255 100.0566609 100.0028183 100.9960784 100.0811077 100.1741909 100.9490196 100.0841509 100.3293766 100.9215686 99.9953371 100.3292346 100.9215686 99.9570705 100.3238294 100.9294118 100 100 100 100 100 100 100.0336621 100.3292907 100.9215686 100 100 100 100 100 100 99.9953343 99.8475331 100.0392157 100.0182985 99.8474645 100.0392157 99.9770093 99.8775794 100.027451 100.0305367 99.8720225 100.0196078 100 100 100 100 100 100 100 100 100 100 100 100 100 100 100 100 100 100
100.0076105 99.85851 100.027451 99.9448272 99.994502 100.0 99.8806211 100.0979715 100.9647059 99.805607 100.195898 100.8901961 100.0566572 100.0028191 100.9921569 100.0810865 100.1714468 100.945098 100.0841584 100.3293369 100.9176471 99.9953754 100.32654 100.9176471 99.9570952 100.3237784 100.9176471 100 100 100 100 100 100 100.033697 100.3292037 100.9176471 100 100 100 100 100 100 99.9953427 99.8475131 100.027451 100.018307 99.8474436 100.027451 99.9755196 99.8775315 100.027451 100.0305369 99.8694619 100.0156863 100 100 100 100 100 100 100 100 100 100 100 100 100 100 100 100 100 100
100.0091055 99.8585461 100.027451 99.9448507 99.991872 100.0 99.8835953 100.098019 100.9647059 99.8101803 100.1986276 100.9019608 100.0581467 100.0028557 100.9921569 100.0825564 100.1740762 100.9372549 100.0842127 100.3293595 100.9098039 99.9968848 100.3293065 100.9098039 99.9571306 100.326601 100.9176471 100 100 100 100 100 100 100.0366854 100.3319736 100.9098039 100 100 100 100 100 100 99.9954493 99.847567 100.027451 100.0197838 99.8449826 100.027451 99.9770141 99.8775923 100.027451 100.0305862 99.8694839 100.0156863 100 100 100 100 100 100 100 100 100 100 100 100 100 100 100 100 100 100
100.0090888 99.858582 100.0392157 99.9448663 99.99185 100.0 99.8836485 100.100699 100.9764706 99.8116982 100.1988235 100.9294118 100.0581193 100.0028592 100.9960784 100.0811533 100.1741497 100.9490196 100.084198 100.3320765 100.9215686 99.9969464 100.3292945 100.9215686 99.9586278 100.3265943 100.9294118 100 100 100 100 100 100 100.0382191 100.3266038 100.9294118 100 100 100 100 100 100 99.9954274 99.847551 100.0392157 100.0183447 99.844943 100.0392157 99.9754686 99.8749513 100.0392157 100.0305664 99.869318 100.027451 100 100 100 100 100 100 100 100 100 100 100 100 100 100 100 100 100 100
100.0077277 99.8612598 100.027451 99.944899 99.9892153 100.0 99.8837073 100.0980696 100.9764706 99.8116774 100.201439 100.9137255 100.0581192 100.0028657 100.0 100.081145 100.1741168 100.9568627 100.0842359 100.3294602 100.9137255 99.996941 100.326586 100.9137255 99.9586524 100.32388 100.9294118 100 100 100 100 100 100 100.0352553 100.3265947 100.9137255 100 100 100 100 100 100 99.995444 99.84764 100.0392157 100.0183351 99.8449788 100.0392157 99.9740378 99.8749419 100.0392157 100.0290864 99.8667271 100.027451 100 100 100 100 100 100 100 100 100 100 100 100 100 100 100 100 100 100
100.0076898 99.8612367 100.0078431 99.94489 99.9892284 100.9843137 99.8836767 100.1006945 100.9568627 99.8117094 100.1988392 100.8941176 100.0581238 100.0028505 100.9960784 100.0811394 100.1715189 100.9372549 100.0857188 100.3293863 100.9098039 99.9969538 100.3265801 100.9098039 99.9586852 100.3238718 100.9019608 100 100 100 100 100 100 100.0367599 100.3265943 100.9098039 100 100 100 100 100 100 99.9954043 99.8476025 100.0078431 100.0168587 99.8449748 100.0078431 99.974029 99.8749016 100.0078431 100.029067 99.8667239 100.0078431 100 100 100 100 100 100 100 100 100 100 100 100 100 100 100 100 100 100
100.0091671 99.858635 100.0392157 99.9448908 99.9892086 100.0 99.8836671 100.0980644 100.9764706 99.8116719 100.1986686 100.9137255 100.0581685 100.0028714 100.0 100.0826111 100.1715397 100.9568627 100.0857602 100.3321387 100.9215686 99.9985004 100.3293433 100.9215686 99.9601874 100.3266504 100.9215686 100 100 100 100 100 100 100.0382796 100.3293501 100.9215686 100 100 100 100 100 100 99.9968566 99.8476299 100.0392157 100.0183217 99.8450296 100.0392157 99.9740438 99.8750072 100.0392157 100.029047 99.8694405 100.027451 100 100 100 100 100 100 100 100 100 100 100 100 100 100 100 100 100 100
100.009161 99.858596 100.0078431 99.9448833 99.9865476 100.9843137 99.8821527 100.0980606 100.9568627 99.8071466 100.1960507 100.8941176 100.0581773 100.0029005 100.9960784 100.0826261 100.1715769 100.9372549 100.0872221 100.3320753 100.9098039 99.9985159 100.3266824 100.9098039 99.9602011 100.3266355 100.9019608 100 100 100 100 100 100 100.0397753 100.3266713 100.9098039 100 100 100 100 100 100 99.9968568 99.8476204 100.0196078 100.0168618 99.8450092 100.0196078 99.9754837 99.8750272 100.0078431 100.0275798 99.8694736 100.0078431 100 100 100 100 100 100 100 100 100 100 100 100 100 100 100 100 100 100
100.0091502 99.858666 100.0156863 99.9449031 99.9865573 100.9921569 99.8805889 100.0954093 100.9647059 99.8040783 100.1959162 100.8901961 100.0581735 100.0028961 100.0 100.0826279 100.1715534 100.945098 100.0872441 100.329466 100.9176471 99.9985005 100.3293315 100.9176471 99.960186 100.3266455 100.9098039 100 100 100 100 100 100 100.0382953 100.3293573 100.9176471 100 100 100 100 100 100 99.9954167 99.8476431 100.0156863 100.0168292 99.8450128 100.0156863 99.9740276 99.8750129 100.027451 100.0275236 99.8667627 100.0156863 100 100 100 100 100 100 100 100 100 100 100 100 100 100 100 100 100 100
100.0105791 99.8586363 100.0156863 99.9448361 99.9865751 100.9921569 99.877553 100.0953401 100.9647059 99.8039912 100.1798424 100.6705882 100.059621 100.0028658 100.9921569 100.0840943 100.1715364 100.9372549 100.0887175 100.3321057 100.9176471 99.9999762 100.3267121 100.9176471 99.9616681 100.3266597 100.9098039 100 100 100 100 100 100 100.041243 100.3293548 100.9176471 100 100 100 100 100 100 99.9968363 99.8451026 100.0156863 100.0182611 99.8449769 100.0156863 99.9754608 99.8749541 100.0156863 100.0274647 99.8640506 100.0156863 100 100 100 100 100 100 100 100 100 100 100 100 100 100 100 100 100 100
100.0091497 99.8611615 100.0352941 99.9434057 99.9891023 100.0078431 99.8761109 100.0951482 100.9764706 99.8025432 100.1795563 100.9294118 100.0582133 100.0053696 100.0 100.0826446 100.171425 100.9647059 100.0872937 100.3319889 100.9372549 99.9985425 100.3291953 100.9372549 99.9602504 100.3264831 100.9294118 100 100 100 100 100 100 100.0398169 100.3291927 100.9372549 100 100 100 100 100 100 99.9954245 99.8476064 100.0352941 100.0168325 99.8475254 100.0352941 99.9740087 99.874941 100.0352941 100.0260495 99.8693506 100.0352941 100 100 100 100 100 100 100 100 100 100 100 100 100 100 100 100 100 100
100.0105683 99.8584922 100.0352941 99.9433233 99.9891205 100.0078431 99.8775049 100.092623 100.9843137 99.8009443 100.1769391 100.9294118 100.0596438 100.0053875 100.0 100.0840986 100.1740821 100.9568627 100.088704 100.3320105 100.9372549 99.9999618 100.3318902 100.9372549 99.9616588 100.3292348 100.9294118 100 100 100 100 100 100 100.0412446 100.3292502 100.9490196 100 100 100 100 100 100 99.9968519 99.8475619 100.0470588 100.01827 99.8449043 100.0470588 99.9754458 99.8749429 100.0352941 100.0275099 99.8693601 100.027451 100 100 100 100 100 100 100 100 100 100 100 100 100 100 100 100 100 100
100.010576 99.8584487 100.0352941 99.9418121 99.9891097 100.0078431 99.8774395 100.0925726 100.9764706 99.7979252 100.1740337 100.9098039 100.0596484 100.0053955 100.0 100.0841554 100.1767632 100.9568627 100.088744 100.332033 100.9372549 99.9999668 100.3291915 100.9372549 99.9616621 100.3265046 100.9294118 100 100 100 100 100 100 100.0412431 100.3291813 100.9372549 100 100 100 100 100 100 99.9968584 99.8475407 100.0352941 100.01828 99.8448984 100.0352941 99.9754507 99.874904 100.0352941 100.0275055 99.8720097 100.027451 100 100 100 100 100 100 100 100 100 100 100 100 100 100 100 100 100 100
100.0105767 99.8559049 100.0470588 99.9432933 99.9865184 100.0196078 99.8774437 100.0926399 100.9960784 99.7994286 100.1687358 100.9215686 100.0596557 100.0054063 100.0117647 100.0841372 100.1742182 100.9686275 100.0887205 100.3320269 100.9490196 99.9999807 100.3292979 100.9490196 99.9616636 100.329253 100.9490196 100 100 100 100 100 100 100.0412529 100.3292843 100.9490196 100 100 100 100 100 100 99.9968713 99.8475786 100.0470588 100.016776 99.8448711 100.0470588 99.9754426 99.8749623 100.0470588 100.0274786 99.8693311 100.0470588 100 100 100 100 100 100 100 100 100 100 100 100 100 100 100 100 100 100
100.0106078 99.8558809 100.027451 99.9417962 99.9890747 100.0 99.8774475 100.0952724 100.9843137 99.8024295 100.163323 100.9137255 100.0596833 100.0054054 100.9960784 100.0841587 100.1741589 100.9490196 100.0902278 100.3320844 100.9215686 99.9999866 100.3292668 100.9215686 99.9616666 100.3292155 100.9215686 100 100 100 100 100 100 100.0412673 100.3292822 100.9215686 100 100 100 100 100 100 99.9968919 99.8475543 100.027451 100.0183108 99.8449037 100.027451 99.9754776 99.8749221 100.027451 100.0290217 99.869421 100.027451 100 100 100 100 100 100 100 100 100 100 100 100 100 100 100 100 100 100
100.0091774 99.8558509 100.027451 99.9418928 99.9890739 100.0117647 99.8761277 100.103355 100.9843137 99.8041222 100.1632425 100.9137255 100.0582421 100.005376 100.0 100.082724 100.1741798 100.9490196 100.0887883 100.3293176 100.9294118 99.9985436 100.3346614 100.9294118 99.9602179 100.3320004 100.9137255 100 100 100 100 100 100 100.0398388 100.3346711 100.9294118 100 100 100 100 100 100 99.996875 99.8449261 100.027451 100.0168885 99.8422159 100.0392157 99.9740592 99.8748816 100.027451 100.0290909 99.8693645 100.0196078 100 100 100 100 100 100 100 100 100 100 100 100 100 100 100 100 100 100
100.0091736 99.8558325 100.0156863 99.9418583 99.9890981 100.0 99.877598 100.1061438 100.9647059 99.8086936 100.1633257 100.9176471 100.0596617 100.0053496 100.0 100.0827319 100.1767927 100.9372549 100.0873028 100.3320501 100.9176471 99.9985435 100.3346636 100.9176471 99.9602145 100.3320034 100.9098039 100 100 100 100 100 100 100.039826 100.334677 100.9176471 100 100 100 100 100 100 99.996891 99.8448948 100.0156863 100.0168779 99.8422236 100.0156863 99.9740471 99.8748268 100.0156863 100.0290993 99.8693477 100.0078431 100 100 100 100 100 100 100 100 100 100 100 100 100 100 100 100 100 100
100.009168 99.8558667 100.054902 99.9433392 99.9865377 100.0470588 99.8791001 100.1114664 100.0 99.8131903 100.1714452 100.9686275 100.0596344 100.0054066 100.0078431 100.0826671 100.1742278 100.9686275 100.0887356 100.3319702 100.9568627 99.9984967 100.3347541 100.9490196 99.9601422 100.3347596 100.9490196 100 100 100 100 100 100 100.0397875 100.3347559 100.9490196 100 100 100 100 100 100 99.9968534 99.8449665 100.054902 100.01833 99.8422246 100.054902 99.974002 99.8748055 100.054902 100.0275476 99.8640012 100.054902 100 100 100 100 100 100 100 100 100 100 100 100 100 100 100 100 100 100
100.009175 99.8558357 100.027451 99.943358 99.9865365 100.0196078 99.8866377 100.1117278 100.0 99.8178536 100.179576 100.9294118 100.059629 100.0028943 100.0 100.0826781 100.1715225 100.9568627 100.0902494 100.3320242 100.9372549 99.998505 100.3292823 100.9372549 99.9601772 100.3292561 100.9294118 100 100 100 100 100 100 100.041272 100.326596 100.9372549 100 100 100 100 100 100 99.9968428 99.844933 100.0352941 100.0183379 99.8395516 100.0352941 99.9740088 99.8748613 100.0352941 100.0290455 99.8640458 100.027451 100 100 100 100 100 100 100 100 100 100 100 100 100 100 100 100 100 100
100.0091455 99.8558794 100.0392157 99.9448199 99.9865473 100.0313725 99.8866796 100.1144347 100.0117647 99.8239043 100.1851443 100.9607843 100.0596008 100.0028901 100.0 100.0840994 100.1742088 100.9686275 100.0887194 100.3321405 100.9333333 99.9984638 100.3320282 100.9333333 99.9601214 100.3293499 100.9333333 100 100 100 100 100 100 100.0412668 100.3293845 100.9333333 100 100 100 100 100 100 99.9968407 99.8423124 100.0470588 100.0197829 99.8395472 100.0470588 99.9740018 99.8748906 100.0470588 100.0305779 99.8694317 100.0392157 100 100 100 100 100 100 100 100 100 100 100 100 100 100 100 100 100 100
100.0091741 99.855858 100.027451 99.9433207 99.9865621 100.027451 99.8882083 100.1171258 100.0 99.8269751 100.1986245 100.9294118 100.0596593 100.0028678 100.0 100.0841154 100.1741391 100.9568627 100.0902566 100.331945 100.9372549 99.9985071 100.3320178 100.9372549 99.9601788 100.3293601 100.9215686 100 100 100 100 100 100 100.0412705 100.3320092 100.9372549 100 100 100 100 100 100 99.9968687 99.842303 100.0352941 100.0198121 99.8395551 100.0352941 99.9740327 99.8748357 100.0352941 100.0320445 99.869373 100.0196078 100 100 100 100 100 100 100 100 100 100 100 100 100 100 100 100 100 100
100.009158 99.8558328 100.0352941 99.9433296 99.9865599 100.0 99.8898075 100.1306237 100.0 99.8361762 100.2176943 100.9490196 100.0596297 100.0028543 100.0 100.0841218 100.1741767 100.9568627 100.0902679 100.332078 100.9490196 99.9984562 100.3319761 100.9490196 99.960123 100.3292973 100.9294118 100 100 100 100 100 100 100.0397581 100.3293207 100.9490196 100 100 100 100 100 100 99.9968554 99.8422638 100.0352941 100.019792 99.8394674 100.0352941 99.9740165 99.8722531 100.0352941 100.0305862 99.8667074 100.027451 100 100 100 100 100 100 100 100 100 100 100 100 100 100 100 100 100 100
100.0076813 99.8532472 100.0 99.9418356 99.989153 100.9960784 99.8928501 100.1333399 100.9764706 99.8377992 100.22326 100.9098039 100.0581956 100.0028476 100.0 100.0826327 100.1714329 100.9294118 100.0887818 100.3319782 100.9098039 99.9969923 100.3319568 100.9098039 99.9586725 100.3292427 100.9019608 100 100 100 100 100 100 100.0382887 100.3292976 100.9215686 100 100 100 100 100 100 99.9953835 99.8422066 100.0078431 100.016863 99.8368011 100.0078431 99.9725453 99.8722484 100.0078431 100.0290967 99.8667268 100.0 100 100 100 100 100 100 100 100 100 100 100 100 100 100 100 100 100 100
100.0076842 99.8532287 100.0392157 99.941837 99.9891682 100.0196078 99.8959601 100.1359711 100.0196078 99.8454343 100.2394071 100.9411765 100.0582095 100.0028459 100.0 100.0826458 100.1714572 100.9686275 100.0902918 100.3319871 100.9411765 99.9970242 100.3292441 100.9411765 99.9587205 100.3265569 100.9411765 100 100 100 100 100 100 100.0398104 100.3292509 100.9411765 100 100 100 100 100 100 99.9953878 99.8421687 100.0392157 100.0168752 99.836818 100.0470588 99.9725546 99.872229 100.0470588 100.0291188 99.8666752 100.0392157 100 100 100 100 100 100 100 100 100 100 100 100 100 100 100 100 100 100
100.0076423 99.8531925 100.0392157 99.9418257 99.9918385 100.0196078 99.8990046 100.1387481 100.0117647 99.8590962 100.261209 100.9490196 100.0581662 100.0027718 100.0 100.0826027 100.1714197 100.9607843 100.0902304 100.3320531 100.9490196 99.9969789 100.3291682 100.9490196 99.958681 100.3237893 100.9411765 100 100 100 100 100 100 100.0397537 100.3291974 100.9490196 100 100 100 100 100 100 99.9953457 99.8395012 100.0470588 100.0182777 99.8367561 100.0470588 99.9739218 99.8721921 100.0470588 100.0305307 99.8666711 100.0313725 100 100 100 100 100 100 100 100 100 100 100 100 100 100 100 100 100 100
100.0076345 99.8531835 100.027451 99.941817 99.991857 100.0 99.9019906 100.1414974 100.0 99.862266 100.2693277 100.9294118 100.0581739 100.002766 100.0117647 100.0826186 100.174081 100.9411765 100.0902288 100.3346388 100.9215686 99.9984154 100.3292105 100.9215686 99.9601172 100.3238034 100.9215686 100 100 100 100 100 100 100.0397657 100.3292402 100.9215686 100 100 100 100 100 100 99.9953261 99.842136 100.027451 100.0168124 99.8367136 100.027451 99.9725007 99.8721934 100.027451 100.0290576 99.8639479 100.0196078 100 100 100 100 100 100 100 100 100 100 100 100 100 100 100 100 100 100
100.0076227 99.8506098 100.0 99.9418099 99.9946455 100.9843137 99.9066079 100.1470662 100.9764706 99.8728537 100.280435 100.9215686 100.05817 100.0002207 100.0 100.0826414 100.1741705 100.9294118 100.0887239 100.3293644 100.9019608 99.9984447 100.3293513 100.9019608 99.9601274 100.3266593 100.9019608 100 100 100 100 100 100 100.0412832 100.3293897 100.9019608 100 100 100 100 100 100 99.995336 99.8395551 100.0 100.0167961 99.8341666 100.0078431 99.9724948 99.8696155 100.0078431 100.0290617 99.8614136 100.0 100 100 100 100 100 100 100 100 100 100 100 100 100 100 100 100 100 100
100.0076268 99.850571 100.0078431 99.9433155 99.9946612 100.9843137 99.9111681 100.1551356 100.9568627 99.885166 100.2993871 100.9019608 100.058157 100.0001828 100.0 100.082607 100.1687945 100.9294118 100.0887298 100.329368 100.9098039 99.998415 100.3294309 100.9098039 99.9586614 100.3293863 100.9215686 100 100 100 100 100 100 100.0397842 100.3294296 100.9098039 100 100 100 100 100 100 99.9953293 99.839541 100.0078431 100.0167757 99.8341271 100.0078431 99.9724995 99.8696042 100.0078431 100.0290174 99.861318 100.0 100 100 100 100 100 100 100 100 100 100 100 100 100 100 100 100 100 100
100.0076349 99.8505475 100.0 99.941851 99.9972937 100.9843137 99.912766 100.1525855 100.9764706 99.8883007 100.304923 100.9215686 100.0581835 100.0001439 100.0 100.0826653 100.1715038 100.9294118 100.0888064 100.3292656 100.8941176 99.9970226 100.3293237 100.8941176 99.9587137 100.3266371 100.9019608 100 100 100 100 100 100 100.0398109 100.326671 100.8941176 100 100 100 100 100 100 99.9953443 99.8368843 100.0 100.0168072 99.8340917 100.0078431 99.9725195 99.8695873 100.0078431 100.0275692 99.8613814 100.0 100 100 100 100 100 100 100 100 100 100 100 100 100 100 100 100 100 100
100.0075636 99.8504584 100.027451 99.9418207 99.997276 100.0078431 99.9157951 100.1552299 100.9921569 99.8973437 100.310341 100.9490196 100.0581685 100.0001425 100.0 100.082632 100.1714748 100.9568627 100.0902483 100.3292582 100.9294118 99.9969808 100.3320209 100.9294118 99.9586714 100.3293482 100.9294118 100 100 100 100 100 100 100.039773 100.3320418 100.9294118 100 100 100 100 100 100 99.9953011 99.8368412 100.0352941 100.0152522 99.8314718 100.0352941 99.9724905 99.8694605 100.0352941 100.0275521 99.8612648 100.027451 100 100 100 100 100 100 100 100 100 100 100 100 100 100 100 100 100 100
100.0090576 99.850499 100.027451 99.9418205 99.9973384 100.0078431 99.9218474 100.155296 100.0 99.9005386 100.323855 100.9490196 100.0596489 100.0001138 100.0 100.0841093 100.1687198 100.9568627 100.0902805 100.3292485 100.9294118 99.9984699 100.3320665 100.9294118 99.9601474 100.332033 100.9215686 100 100 100 100 100 100 100.0412591 100.3320645 100.9294118 100 100 100 100 100 100 99.9953792 99.836871 100.027451 100.0152727 99.8314878 100.0352941 99.9739602 99.8695126 100.0352941 100.0275335 99.8585918 100.027451 100 100 100 100 100 100 100 100 100 100 100 100 100 100 100 100 100 100
100.0061179 99.8504311 100.0078431 99.941807 99.9973754 100.0 99.9234487 100.1552752 100.9921569 99.9112001 100.3347493 100.9294118 100.0596594 100.000097 100.0 100.0841698 100.1714364 100.9372549 100.0903009 100.3293377 100.9098039 99.9985047 100.3293586 100.9098039 99.9602078 100.3293321 100.9098039 100 100 100 100 100 100 100.0397601 100.3320301 100.9098039 100 100 100 100 100 100 99.9938613 99.836833 100.0156863 100.0137475 99.8314744 100.0156863 99.9739533 99.8695324 100.0156863 100.0275206 99.8586066 100.0078431 100 100 100 100 100 100 100 100 100 100 100 100 100 100 100 100 100 100
100.006095 99.8504538 100.0196078 99.9403191 99.9999151 100.0 99.9249149 100.1551685 100.9960784 99.9127681 100.3402245 100.9411765 100.059674 100.0000788 100.0 100.0841827 100.1687747 100.9490196 100.0902922 100.3292629 100.9215686 99.9985079 100.3293102 100.9215686 99.9601834 100.3266016 100.9215686 100 100 100 100 100 100 100.0412887 100.3320107 100.9215686 100 100 100 100 100 100 99.9938328 99.8394903 100.0196078 100.0122725 99.8340691 100.027451 99.9739382 99.8695197 100.027451 100.02603 99.8613211 100.0117647 100 100 100 100 100 100 100 100 100 100 100 100 100 100 100 100 100 100
100.0045943 99.8504534 100.0 99.9403351 99.9973897 100.9843137 99.9250065 100.1552866 100.9647059 99.9143199 100.3348261 100.9294118 100.0596635 100.0000484 100.0 100.0841951 100.1660755 100.9372549 100.0903164 100.3293215 100.9098039 99.9985153 100.3293518 100.9098039 99.960209 100.3266106 100.9019608 100 100 100 100 100 100 100.0398111 100.3320307 100.9098039 100 100 100 100 100 100 99.9923265 99.8368769 100.0 100.0122575 99.8340643 100.0078431 99.973947 99.8721189 100.0078431 100.0245449 99.8586489 100.9960784 100 100 100 100 100 100 100 100 100 100 100 100 100 100 100 100 100 100
100.0045561 99.8504813 100.0470588 99.9403186 99.9973924 100.027451 99.9250053 100.1551439 100.0078431 99.9142653 100.3348089 100.9764706 100.0596622 100.0000557 100.0 100.0842103 100.1714431 100.9764706 100.0917846 100.3293383 100.9490196 99.9985108 100.3266623 100.9568627 99.9602143 100.3239287 100.9568627 100 100 100 100 100 100 100.0397799 100.3293066 100.9490196 100 100 100 100 100 100 99.9908084 99.839521 100.0470588 100.0122184 99.8315121 100.054902 99.973919 99.8721088 100.054902 100.0245129 99.8586274 100.0392157 100 100 100 100 100 100 100 100 100 100 100 100 100 100 100 100 100 100
100.0030299 99.8504386 100.0313725 99.9418158 99.9973814 100.0196078 99.9249355 100.1551923 100.0196078 99.9128037 100.3429269 100.9607843 100.0596642 100.0000721 100.0 100.0841957 100.1660735 100.9686275 100.0917979 100.3292376 100.9411765 99.9985194 100.3320265 100.9411765 99.9601776 100.3293107 100.9411765 100 100 100 100 100 100 100.0413053 100.3320507 100.9411765 100 100 100 100 100 100 99.9907799 99.8395173 100.0392157 100.0107743 99.8315057 100.0470588 99.9739136 99.8721368 100.0392157 100.0244899 99.8585893 100.0313725 100 100 100 100 100 100 100 100 100 100 100 100 100 100 100 100 100 100
100.0015182 99.8530296 100.0196078 99.9418089 99.9998723 100.0 99.9234825 100.1577296 100.9843137 99.9127286 100.3401077 100.9411765 100.0596563 100.0026268 100.0 100.0841694 100.1713234 100.9568627 100.0902913 100.3318834 100.9294118 99.9985183 100.3319612 100.9294118 99.9601978 100.3292355 100.9294118 100 100 100 100 100 100 100.0412914 100.3319607 100.9294118 100 100 100 100 100 100 99.9892695 99.8421151 100.0196078 100.0107402 99.8340806 100.027451 99.9739019 99.8747704 100.0196078 100.0244661 99.8612218 100.0196078 100 100 100 100 100 100 100 100 100 100 100 100 100 100 100 100 100 100
100.0030466 99.8505445 100.0196078 99.940322 99.9973507 100.0078431 99.9234307 100.1553044 100.0 99.9127363 100.3402751 100.9490196 100.0596647 100.0001013 100.0 100.0841921 100.1688306 100.9568627 100.0902833 100.3294084 100.9372549 99.9985174 100.3294409 100.9372549 99.9602297 100.3267011 100.9294118 100 100 100 100 100 100 100.0397813 100.3321417 100.9294118 100 100 100 100 100 100 99.9892973 99.839612 100.027451 100.010779 99.8315594 100.0352941 99.9739116 99.8722123 100.027451 100.0244977 99.8586896 100.0196078 100 100 100 100 100 100 100 100 100 100 100 100 100 100 100 100 100 100
100.0030206 99.8504895 100.0 99.941803 99.9973362 100.9843137 99.9234403 100.1553279 100.972549 99.9127316 100.3375308 100.9294118 100.0596635 100.0001214 100.0 100.0841884 100.168816 100.9372549 100.0902815 100.3294149 100.9098039 99.9985006 100.3320949 100.9098039 99.9601934 100.3294135 100.9098039 100 100 100 100 100 100 100.0397629 100.3320873 100.9098039 100 100 100 100 100 100 99.9893053 99.8395955 100.0078431 100.0107682 99.8315366 100.0156863 99.9739272 99.872195 100.0156863 100.024496 99.861323 100.0 100 100 100 100 100 100 100 100 100 100 100 100 100 100 100 100 100 100
100.0030907 99.850469 100.0392157 99.9403447 99.9972931 100.0196078 99.9234755 100.1552021 100.0117647 99.9127712 100.342915 100.9607843 100.0596806 100.0001467 100.0 100.0842 100.1715424 100.9686275 100.0887875 100.3294604 100.9411765 99.9984943 100.3321231 100.9411765 99.9601493 100.3293767 100.9490196 100 100 100 100 100 100 100.0397958 100.3348318 100.9411765 100 100 100 100 100 100 99.9908145 99.8395248 100.0392157 100.0122296 99.8315169 100.0588235 99.9739444 99.8721548 100.0470588 100.0245505 99.8586536 100.0392157 100 100 100 100 100 100 100 100 100 100 100 100 100 100 100 100 100 100
