100.0014702 99.8532329 100.027451 99.9402823 99.9945168 100.0078431 99.9249436 100.1578022 100.0 99.9157639 100.3128868 100.9568627 100.0596892 100.0027325 100.0 100.0841952 100.1687027 100.9568627 100.0887196 100.3319334 100.9372549 99.9999768 100.3319533 100.9372549 99.9616574 100.3292876 100.9294118 100 100 100 100 100 100 100.0412611 100.3319274 100.9372549 100 100 100 100 100 100 99.9892341 99.8449122 100.0352941 100.0121813 99.8394531 100.0352941 99.9754191 99.8721499 100.0352941 100.0259754 99.8612473 100.0196078 100 100 100 100 100 100 100 100 100 100 100 100 100 100 100 100 100 100
100.0014766 99.853223 100.0078431 99.940292 99.9918727 100.9921569 99.9249334 100.1551716 100.9921569 99.9142348 100.3047842 100.9372549 100.0596719 100.0027354 100.0 100.0855762 100.1687021 100.9372549 100.0887116 100.3319318 100.9176471 99.9999588 100.3265195 100.9176471 99.961657 100.3238288 100.9098039 100 100 100 100 100 100 100.0397384 100.3264913 100.9176471 100 100 100 100 100 100 99.9892385 99.8448748 100.0156863 100.0121882 99.8394241 100.0156863 99.9754094 99.8721028 100.0156863 100.025982 99.8612774 100.0 100 100 100 100 100 100 100 100 100 100 100 100 100 100 100 100 100 100
100.0015053 99.8532335 100.0078431 99.9417457 99.9918531 100.0 99.9249641 100.1524118 100.9843137 99.9126937 100.2912494 100.9372549 100.0596604 100.0027398 100.0 100.0841724 100.1686831 100.9372549 100.0887248 100.3319911 100.9098039 99.9999829 100.331981 100.9098039 99.9616832 100.3292889 100.9098039 100 100 100 100 100 100 100.0412591 100.3319988 100.9098039 100 100 100 100 100 100 99.9907192 99.8449035 100.0156863 100.0122054 99.8394554 100.0156863 99.9754326 99.8721648 100.0156863 100.0259809 99.863933 100.0 100 100 100 100 100 100 100 100 100 100 100 100 100 100 100 100 100 100
100.0015454 99.8533173 100.027451 99.9418277 99.9892282 100.0078431 99.9234529 100.1497646 100.0078431 99.9020699 100.2749379 100.9568627 100.0596464 100.0028003 100.0078431 100.084174 100.1715229 100.9568627 100.0872715 100.3321563 100.9294118 99.9985183 100.3292856 100.9372549 99.9602236 100.3238978 100.9294118 100 100 100 100 100 100 100.0382942 100.329332 100.9372549 100 100 100 100 100 100 99.9893289 99.8449941 100.027451 100.010789 99.8395226 100.0352941 99.9740092 99.872223 100.0352941 100.026007 99.8613416 100.027451 100 100 100 100 100 100 100 100 100 100 100 100 100 100 100 100 100 100
100.0015314 99.8558271 100.0470588 99.9418304 99.9891972 100.0470588 99.9219417 100.1524481 100.0196078 99.8989317 100.2667196 100.9764706 100.0596276 100.0028067 100.0078431 100.0841455 100.1715045 100.9568627 100.0887182 100.3348023 100.9490196 99.9984839 100.3266283 100.9490196 99.9601656 100.321187 100.9568627 100 100 100 100 100 100 100.0397603 100.3293201 100.9490196 100 100 100 100 100 100 99.9907919 99.8449895 100.0470588 100.0107698 99.8395014 100.0470588 99.9739974 99.8722005 100.054902 100.0259812 99.858655 100.0470588 100 100 100 100 100 100 100 100 100 100 100 100 100 100 100 100 100 100
100.0030168 99.8558781 100.0196078 99.9433173 99.989173 100.0196078 99.9218882 100.1389355 100.0117647 99.8958489 100.2531854 100.9490196 100.0596253 100.002834 100.0 100.0841138 100.1741828 100.9490196 100.0872238 100.3347568 100.9215686 99.9984457 100.3292905 100.9215686 99.960137 100.3239012 100.9294118 100 100 100 100 100 100 100.0397116 100.3293215 100.9215686 100 100 100 100 100 100 99.9922668 99.845037 100.0196078 100.0121933 99.8395238 100.027451 99.9754251 99.8722009 100.0196078 100.0274774 99.8639984 100.0117647 100 100 100 100 100 100 100 100 100 100 100 100 100 100 100 100 100 100
100.0030761 99.8584973 100.0 99.9433303 99.9891142 100.0078431 99.9173181 100.1415061 100.9843137 99.8836139 100.2420473 100.9294118 100.0581555 100.0054731 100.0 100.082656 100.1741608 100.9294118 100.0872318 100.3348045 100.9019608 99.9969301 100.3292045 100.9019608 99.9586401 100.3237692 100.9019608 100 100 100 100 100 100 100.0367177 100.329228 100.9019608 100 100 100 100 100 100 99.9923429 99.8475606 100.0078431 100.0122192 99.8421839 100.0078431 99.973961 99.874728 100.0078431 100.0290659 99.8693107 100.9960784 100 100 100 100 100 100 100 100 100 100 100 100 100 100 100 100 100 100
100.0030611 99.8585692 100.0078431 99.9418364 99.98912 100.0 99.9142694 100.1389103 100.0 99.8760274 100.2259325 100.9294118 100.0566763 100.0054966 100.0 100.0811408 100.1769168 100.9372549 100.0842189 100.3374065 100.9176471 99.9954559 100.3238396 100.9176471 99.957188 100.3184204 100.9098039 100 100 100 100 100 100 100.0367142 100.3265375 100.9176471 100 100 100 100 100 100 99.9922946 99.8476042 100.0156863 100.0107378 99.8422048 100.0156863 99.9724802 99.8748165 100.0156863 100.0275542 99.8667247 100.0 100 100 100 100 100 100 100 100 100 100 100 100 100 100 100 100 100 100
100.0045525 99.8585848 100.027451 99.9418394 99.9865637 100.0 99.9112507 100.1443115 100.0 99.871454 100.2176673 100.9294118 100.0566647 100.0055321 100.0 100.0811344 100.1769366 100.9568627 100.0857001 100.3374794 100.9372549 99.9954353 100.334678 100.9372549 99.9571125 100.3319562 100.9490196 100 100 100 100 100 100 100.0367254 100.3346998 100.9372549 100 100 100 100 100 100 99.9923368 99.8475993 100.0352941 100.0122727 99.8422067 100.0352941 99.9725056 99.8748565 100.0352941 100.0290504 99.8694066 100.027451 100 100 100 100 100 100 100 100 100 100 100 100 100 100 100 100 100 100
100.0015761 99.8586352 100.027451 99.9403102 99.9865183 100.027451 99.9066707 100.1389325 100.0117647 99.8592248 100.1986164 100.9294118 100.055109 100.0055961 100.0 100.0781222 100.1769398 100.9490196 100.0811735 100.3374566 100.9294118 99.992407 100.3320449 100.9411765 99.954083 100.3319855 100.9215686 100 100 100 100 100 100 100.0336877 100.3320585 100.9411765 100 100 100 100 100 100 99.9907448 99.8476746 100.027451 100.0122403 99.8422712 100.027451 99.9724554 99.8749033 100.027451 100.0275036 99.8694111 100.0196078 100 100 100 100 100 100 100 100 100 100 100 100 100 100 100 100 100 100
100.0030087 99.861274 100.0470588 99.9403157 99.9891048 100.0313725 99.9051806 100.1415334 100.0313725 99.8576302 100.185119 100.9882353 100.0551142 100.0082401 100.0117647 100.0781068 100.1821943 100.9764706 100.0826593 100.3401339 100.9490196 99.9923933 100.334679 100.9490196 99.9540775 100.3346124 100.9411765 100 100 100 100 100 100 100.0336918 100.3346918 100.9490196 100 100 100 100 100 100 99.9907692 99.8503257 100.0470588 100.0122816 99.84491 100.0470588 99.9724929 99.8775291 100.0470588 100.02752 99.8721076 100.0313725 100 100 100 100 100 100 100 100 100 100 100 100 100 100 100 100 100 100
100.0030459 99.8613439 100.0078431 99.9403275 99.989136 100.0 99.9051422 100.1414377 100.9843137 99.8560845 100.1796267 100.9215686 100.0551127 100.0082985 100.9960784 100.0781063 100.1796274 100.9372549 100.0826513 100.340171 100.9019608 99.9924144 100.3293211 100.9019608 99.9541306 100.3292576 100.9019608 100 100 100 100 100 100 100.0321929 100.3293066 100.9019608 100 100 100 100 100 100 99.990788 99.8503777 100.0078431 100.0137728 99.8449753 100.0078431 99.9739855 99.877575 100.0 100.027565 99.8748355 100.9960784 100 100 100 100 100 100 100 100 100 100 100 100 100 100 100 100 100 100
100.0030722 99.861255 100.0078431 99.940329 99.9890682 100.0 99.9020312 100.1386397 100.9843137 99.8469596 100.1605888 100.9098039 100.055144 100.0107846 100.9843137 100.0781016 100.1821994 100.9215686 100.0826272 100.3401693 100.9019608 99.9923537 100.3346634 100.9019608 99.954054 100.3319363 100.9019608 100 100 100 100 100 100 100.032144 100.3346808 100.9019608 100 100 100 100 100 100 99.990823 99.8503579 100.0078431 100.0152181 99.8475581 100.0078431 99.9755342 99.8776005 100.0078431 100.0275753 99.8747433 100.0 100 100 100 100 100 100 100 100 100 100 100 100 100 100 100 100 100 100
100.0031037 99.8613412 100.027451 99.9403217 99.9891049 100.027451 99.8959935 100.1386578 100.0 99.8438751 100.1577464 100.9294118 100.0551634 100.0108137 100.9764706 100.0781029 100.1821898 100.9411765 100.0826803 100.3402518 100.9294118 99.9923678 100.3346574 100.9294118 99.9540677 100.3292533 100.9294118 100 100 100 100 100 100 100.0321552 100.3346872 100.9294118 100 100 100 100 100 100 99.9908508 99.8504072 100.027451 100.0152591 99.8476558 100.027451 99.9755207 99.8776052 100.027451 100.027601 99.8749118 100.0196078 100 100 100 100 100 100 100 100 100 100 100 100 100 100 100 100 100 100
100.0031162 99.8613242 100.0156863 99.9403382 99.9890898 100.0 99.894403 100.1386957 100.9843137 99.8393068 100.144187 100.9294118 100.0551666 100.0108008 100.0078431 100.0781003 100.1822213 100.9294118 100.0826397 100.3401808 100.9098039 99.992395 100.3292217 100.9176471 99.9540959 100.3238126 100.9098039 100 100 100 100 100 100 100.0321649 100.3292498 100.9176471 100 100 100 100 100 100 99.9908656 99.8503935 100.0156863 100.0152646 99.8476314 100.0156863 99.9755313 99.8775798 100.0156863 100.0276182 99.8748505 100.0078431 100 100 100 100 100 100 100 100 100 100 100 100 100 100 100 100 100 100
100.0016506 99.8612576 100.0156863 99.9403345 99.9864675 100.0078431 99.8913365 100.119812 100.9843137 99.8302201 100.1360134 100.9098039 100.0551475 100.0081555 100.0 100.0766409 100.179647 100.9372549 100.081175 100.3375178 100.9098039 99.9908611 100.3347131 100.9098039 99.9511055 100.3319866 100.9176471 100 100 100 100 100 100 100.0306699 100.3347207 100.9098039 100 100 100 100 100 100 99.9894054 99.8503693 100.0156863 100.013804 99.847638 100.0156863 99.9755639 99.8749825 100.0078431 100.0261326 99.8747643 100.0078431 100 100 100 100 100 100 100 100 100 100 100 100 100 100 100 100 100 100
100.0031298 99.8612557 100.0352941 99.9417905 99.9864521 100.027451 99.8912787 100.117139 100.9921569 99.8315803 100.130615 100.9294118 100.0566267 100.008158 100.9843137 100.0795638 100.1796666 100.9568627 100.082645 100.3401904 100.9372549 99.9923484 100.332025 100.9372549 99.9540195 100.329253 100.9294118 100 100 100 100 100 100 100.0321587 100.3347188 100.9372549 100 100 100 100 100 100 99.9908859 99.8503743 100.0352941 100.0152922 99.8476265 100.0470588 99.9770374 99.8749491 100.027451 100.0290066 99.8747283 100.027451 100 100 100 100 100 100 100 100 100 100 100 100 100 100 100 100 100 100
100.0030574 99.8612036 100.0156863 99.9403418 99.9864261 100.9843137 99.8837212 100.1169301 100.972549 99.8240467 100.1225115 100.9098039 100.0551682 100.008151 100.9921569 100.0766549 100.1796897 100.9372549 100.081165 100.3401489 100.9098039 99.9908453 100.3346968 100.9176471 99.9510929 100.3319246 100.9176471 100 100 100 100 100 100 100.0306756 100.334734 100.9176471 100 100 100 100 100 100 99.9908161 99.8503102 100.0156863 100.0138365 99.8476203 100.0156863 99.9755789 99.8748857 100.0156863 100.0261451 99.8747632 100.0078431 100 100 100 100 100 100 100 100 100 100 100 100 100 100 100 100 100 100
100.0045584 99.8611632 100.0078431 99.9418245 99.9864401 100.0078431 99.8821615 100.1088277 100.9764706 99.8178988 100.1224228 100.9019608 100.0551669 100.0081353 100.9960784 100.0781113 100.1768692 100.9372549 100.0811454 100.3374513 100.9098039 99.9923417 100.3319295 100.9098039 99.9540498 100.3265273 100.9019608 100 100 100 100 100 100 100.0306705 100.3319281 100.9098039 100 100 100 100 100 100 99.992322 99.8502975 100.0078431 100.0153402 99.847613 100.0078431 99.9770773 99.8748566 100.0078431 100.0290353 99.8747337 100.0 100 100 100 100 100 100 100 100 100 100 100 100 100 100 100 100 100 100
100.0030693 99.8612089 100.0156863 99.9403652 99.9864151 100.0 99.8791345 100.1006782 100.972549 99.8148388 100.1306221 100.9019608 100.0551453 100.0081342 100.0078431 100.0766358 100.1795626 100.9372549 100.0796299 100.3400853 100.9176471 99.9908193 100.3346045 100.9098039 99.9510918 100.3291898 100.9098039 100 100 100 100 100 100 100.0291484 100.3346759 100.9098039 100 100 100 100 100 100 99.9908377 99.8502881 100.0156863 100.0138642 99.8502115 100.0156863 99.9755889 99.8748636 100.0156863 100.0275572 99.8747218 100.0078431 100 100 100 100 100 100 100 100 100 100 100 100 100 100 100 100 100 100
100.0030792 99.8612195 100.0156863 99.9403615 99.9864108 100.0 99.8790687 100.097873 100.9647059 99.8087619 100.1359918 100.8901961 100.0551555 100.0081627 100.9921569 100.0766093 100.1795065 100.945098 100.0796306 100.3400888 100.9176471 99.9908185 100.3346711 100.9176471 99.9510718 100.3292368 100.9176471 100 100 100 100 100 100 100.0291569 100.3373773 100.9176471 100 100 100 100 100 100 99.9908528 99.8502854 100.0156863 100.0138692 99.8502588 100.0156863 99.9770153 99.8774164 100.0078431 100.0275525 99.8747941 100.0078431 100 100 100 100 100 100 100 100 100 100 100 100 100 100 100 100 100 100
100.0045501 99.8585974 100.0352941 99.9418243 99.9838527 100.0196078 99.8775401 100.0926721 100.9921569 99.8070791 100.1362907 100.9098039 100.0565885 100.0055676 100.0 100.0780661 100.1770254 100.9647059 100.0796217 100.3348099 100.9372549 99.9922687 100.3320377 100.9372549 99.9525474 100.3266287 100.9294118 100 100 100 100 100 100 100.0306102 100.3347635 100.9372549 100 100 100 100 100 100 99.9923043 99.8476793 100.0352941 100.0153435 99.8476246 100.0352941 99.9784616 99.8723167 100.0352941 100.0290148 99.8721565 100.027451 100 100 100 100 100 100 100 100 100 100 100 100 100 100 100 100 100 100
100.0031008 99.8586099 100.0352941 99.9403902 99.9838169 100.0078431 99.8730057 100.0925573 100.9921569 99.7980395 100.1580079 100.9019608 100.0536595 100.0055565 100.0 100.0765795 100.1770267 100.9647059 100.0781494 100.334729 100.9372549 99.9908036 100.3319773 100.9372549 99.9510642 100.3265795 100.9372549 100 100 100 100 100 100 100.0291474 100.3320484 100.9372549 100 100 100 100 100 100 99.9908644 99.8476707 100.0352941 100.0152729 99.8476417 100.0352941 99.9770028 99.8722779 100.0352941 100.0275502 99.872169 100.027451 100 100 100 100 100 100 100 100 100 100 100 100 100 100 100 100 100 100
100.0031159 99.8585785 100.0352941 99.9403986 99.983804 100.0078431 99.8760383 100.0925191 100.9843137 99.8010992 100.1741836 100.9098039 100.053633 100.0055777 100.0 100.076558 100.1769384 100.9764706 100.0781575 100.3347942 100.9372549 99.9893778 100.334759 100.9372549 99.9495585 100.3319866 100.9294118 100 100 100 100 100 100 100.0291188 100.33747579999999 100.9372549 100 100 100 100 100 100 99.99089 99.8476774 100.0352941 100.0152874 99.8476546 100.0352941 99.9770183 99.8747783 100.0352941 100.0275557 99.872215 100.027451 100 100 100 100 100 100 100 100 100 100 100 100 100 100 100 100 100 100
100.0031302 99.8586107 100.027451 99.9403932 99.9837855 100.0 99.877583 100.0924711 100.9764706 99.8056005 100.1795667 100.9019608 100.0536233 100.0055855 100.9960784 100.0765462 100.1795451 100.9568627 100.0781444 100.3374671 100.9294118 99.9908082 100.3347038 100.9294118 99.9510386 100.3293279 100.9294118 100 100 100 100 100 100 100.029117 100.3374414 100.9294118 100 100 100 100 100 100 99.9909009 99.8476459 100.027451 100.0152909 99.8476679 100.027451 99.977001 99.8722581 100.027451 100.0275456 99.8721799 100.0196078 100 100 100 100 100 100 100 100 100 100 100 100 100 100 100 100 100 100
100.003144 99.8585263 100.027451 99.9403837 99.9837646 100.0 99.8791155 100.0952508 100.9686275 99.8072083 100.1985795 100.9137255 100.0535836 100.0055636 100.0 100.0751007 100.1769554 100.9568627 100.0781141 100.3347171 100.9215686 99.9908422 100.3319497 100.9215686 99.9525458 100.3292143 100.9215686 100 100 100 100 100 100 100.0291619 100.3319731 100.9215686 100 100 100 100 100 100 99.9909045 99.8475649 100.027451 100.0153018 99.8476058 100.027451 99.9755751 99.8721912 100.027451 100.0275271 99.8721122 100.0196078 100 100 100 100 100 100 100 100 100 100 100 100 100 100 100 100 100 100
100.004617 99.8586068 100.027451 99.9418498 99.9838205 100.0 99.8820867 100.0953803 100.9764706 99.8116918 100.2015219 100.9137255 100.0536048 100.0055863 100.9960784 100.0765143 100.1742281 100.9568627 100.0810853 100.3374384 100.9294118 99.992308 100.3347189 100.9294118 99.9525554 100.3293506 100.9294118 100 100 100 100 100 100 100.0321212 100.3347497 100.9294118 100 100 100 100 100 100 99.9923837 99.8476484 100.027451 100.0167621 99.8477055 100.027451 99.9770042 99.8722447 100.027451 100.0289911 99.8722494 100.0196078 100 100 100 100 100 100 100 100 100 100 100 100 100 100 100 100 100 100
100.0046047 99.8585759 100.0352941 99.9418412 99.9837936 100.0078431 99.8821745 100.0980289 100.9843137 99.8162936 100.2095342 100.9215686 100.0535916 100.0055669 100.0 100.0764972 100.1768545 100.9764706 100.0796275 100.3374869 100.9294118 99.9923113 100.3319869 100.9372549 99.9539972 100.3292644 100.9294118 100 100 100 100 100 100 100.0321161 100.3320215 100.9372549 100 100 100 100 100 100 99.9923679 99.8476153 100.0352941 100.0167588 99.8476381 100.0352941 99.9769763 99.872131 100.0352941 100.0276017 99.8720924 100.027451 100 100 100 100 100 100 100 100 100 100 100 100 100 100 100 100 100 100
100.0046526 99.858547 100.0352941 99.9418769 99.9837967 100.0078431 99.8822464 100.1060428 100.9843137 99.8178747 100.2149891 100.9215686 100.0536432 100.0055299 100.0 100.0765349 100.1767275 100.9568627 100.0796691 100.3374289 100.9294118 99.9924042 100.3319869 100.9372549 99.9540766 100.3319258 100.9490196 100 100 100 100 100 100 100.0321909 100.3319705 100.9372549 100 100 100 100 100 100 99.9924071 99.8475525 100.0352941 100.0168101 99.8476296 100.0352941 99.9755763 99.8721428 100.0352941 100.0276451 99.8720983 100.027451 100 100 100 100 100 100 100 100 100 100 100 100 100 100 100 100 100 100
100.0061149 99.8585388 100.0352941 99.9433509 99.9838014 100.0078431 99.885218 100.1088022 100.9764706 99.8208845 100.2204207 100.9215686 100.0551039 100.0055374 100.0 100.0780568 100.1768161 100.9647059 100.0826313 100.3346871 100.9294118 99.9938766 100.3292102 100.9294118 99.9555922 100.3238198 100.9372549 100 100 100 100 100 100 100.0336648 100.3292739 100.9294118 100 100 100 100 100 100 99.9938846 99.8475584 100.0352941 100.0168764 99.8476106 100.0352941 99.977018 99.8721626 100.0352941 100.0291077 99.8721177 100.027451 100 100 100 100 100 100 100 100 100 100 100 100 100 100 100 100 100 100
100.0076214 99.8585079 100.027451 99.9448235 99.9838145 100.0 99.8867629 100.1087991 100.9686275 99.8224509 100.2204101 100.9294118 100.0565934 100.0055342 100.9960784 100.0795413 100.1767462 100.9490196 100.0841391 100.3346871 100.9215686 99.9954041 100.3292826 100.9215686 99.9571063 100.3265619 100.9215686 100 100 100 100 100 100 100.0352026 100.3292939 100.9215686 100 100 100 100 100 100 99.9953742 99.8475391 100.027451 100.018382 99.8475803 100.027451 99.9770467 99.8721657 100.027451 100.0306143 99.8720609 100.0196078 100 100 100 100 100 100 100 100 100 100 100 100 100 100 100 100 100 100
100.0076299 99.8585698 100.027451 99.9448491 99.9838288 100.0078431 99.8852729 100.1115373 100.9843137 99.8223946 100.2231051 100.9215686 100.0566042 100.0055629 100.9921569 100.0795197 100.1741976 100.9647059 100.0841676 100.334741 100.9294118 99.9954117 100.3320021 100.9294118 99.9571151 100.3292854 100.9294118 100 100 100 100 100 100 100.035214 100.3320345 100.9294118 100 100 100 100 100 100 99.9953888 99.8476009 100.0352941 100.0183894 99.8476756 100.0352941 99.9770685 99.8722285 100.0352941 100.0306214 99.8722059 100.027451 100 100 100 100 100 100 100 100 100 100 100 100 100 100 100 100 100 100
100.0076159 99.858551 100.0352941 99.9434093 99.9838556 100.0078431 99.8853053 100.1114676 100.9764706 99.8209125 100.2205485 100.9294118 100.0566257 100.0055282 100.9921569 100.0795628 100.1741717 100.9647059 100.0842057 100.3321382 100.9294118 99.9954278 100.3293224 100.9294118 99.957137 100.3292561 100.9215686 100 100 100 100 100 100 100.0337438 100.3319959 100.9294118 100 100 100 100 100 100 99.9939768 99.8475973 100.0352941 100.0183649 99.8475645 100.0352941 99.975569 99.8722688 100.0352941 100.0306235 99.8720719 100.027451 100 100 100 100 100 100 100 100 100 100 100 100 100 100 100 100 100 100
100.006221 99.8585469 100.0196078 99.9434017 99.983872 100.0 99.8852262 100.1116282 100.9686275 99.8194409 100.2204007 100.9215686 100.0566302 100.005536 100.9960784 100.0795881 100.1742143 100.9490196 100.0841846 100.33475 100.9215686 99.9954152 100.332009 100.9215686 99.9571321 100.3292993 100.9215686 100 100 100 100 100 100 100.0352159 100.3320279 100.9215686 100 100 100 100 100 100 99.9939586 99.8476095 100.027451 100.0183533 99.8449806 100.027451 99.9755631 99.8722846 100.027451 100.0306167 99.8720879 100.0117647 100 100 100 100 100 100 100 100 100 100 100 100 100 100 100 100 100 100
100.0061744 99.8585631 100.0196078 99.9433954 99.98643 100.0 99.8837399 100.1115464 100.9686275 99.8148072 100.2176943 100.9137255 100.0566404 100.0054685 100.0 100.0796105 100.1741167 100.9686275 100.0827198 100.3320901 100.9294118 99.995436 100.3292601 100.9294118 99.9571353 100.3265562 100.9215686 100 100 100 100 100 100 100.0352171 100.3266128 100.9294118 100 100 100 100 100 100 99.9939133 99.8475718 100.027451 100.0183124 99.8449532 100.027451 99.9740322 99.8722058 100.027451 100.0305929 99.8720324 100.0196078 100 100 100 100 100 100 100 100 100 100 100 100 100 100 100 100 100 100
100.0076671 99.8559567 100.0392157 99.9448864 99.9864326 100.0196078 99.8852206 100.1088479 100.9960784 99.8132684 100.2123139 100.9333333 100.0581123 100.0054992 100.0 100.081108 100.1741455 100.9764706 100.0856652 100.3321162 100.9411765 99.9969058 100.329292 100.9411765 99.9586194 100.3265761 100.9490196 100 100 100 100 100 100 100.0352174 100.329312 100.9411765 100 100 100 100 100 100 99.995404 99.8449589 100.0470588 100.0197916 99.8422936 100.0470588 99.9769898 99.8722772 100.0470588 100.0320693 99.8695283 100.0313725 100 100 100 100 100 100 100 100 100 100 100 100 100 100 100 100 100 100
100.0061771 99.8559709 100.0196078 99.9433759 99.9864281 100.9960784 99.8836161 100.1088742 100.9764706 99.8102327 100.2068434 100.9215686 100.0566676 100.0054809 100.9960784 100.0796316 100.174147 100.9568627 100.0841825 100.3321233 100.9215686 99.9954374 100.3293087 100.9215686 99.9571501 100.3266248 100.9294118 100 100 100 100 100 100 100.035213 100.3293194 100.9215686 100 100 100 100 100 100 99.9939114 99.8449697 100.027451 100.0183063 99.8449142 100.027451 99.9755082 99.8722738 100.027451 100.030578 99.8695079 100.0196078 100 100 100 100 100 100 100 100 100 100 100 100 100 100 100 100 100 100
100.007659 99.858535 100.0156863 99.9448595 99.9865017 100.9921569 99.8820948 100.1087745 100.9647059 99.8055761 100.2012825 100.9019608 100.0581411 100.008056 100.0 100.081144 100.1768396 100.945098 100.0856982 100.3347862 100.9176471 99.9969244 100.3346435 100.9176471 99.9586063 100.3319249 100.9176471 100 100 100 100 100 100 100.0382075 100.3346407 100.9176471 100 100 100 100 100 100 99.9953971 99.8475321 100.0156863 100.0197826 99.844865 100.0156863 99.9770102 99.8748519 100.0156863 100.0320706 99.8721249 100.0078431 100 100 100 100 100 100 100 100 100 100 100 100 100 100 100 100 100 100
100.0076524 99.8585261 100.0196078 99.944858 99.986518 100.0117647 99.8790608 100.1114318 100.9843137 99.8025623 100.19851 100.9019608 100.0581336 100.0080397 100.9960784 100.082558 100.1794423 100.9490196 100.085676 100.3373946 100.9215686 99.9969032 100.3346252 100.9294118 99.958577 100.3319321 100.9294118 100 100 100 100 100 100 100.0367072 100.3346525 100.9294118 100 100 100 100 100 100 99.9953866 99.844925 100.027451 100.0197803 99.8448514 100.027451 99.9769924 99.8748127 100.027451 100.0320814 99.8721345 100.0196078 100 100 100 100 100 100 100 100 100 100 100 100 100 100 100 100 100 100
100.0061809 99.8585442 100.027451 99.9433782 99.9865396 100.0196078 99.8775769 100.1087993 100.9921569 99.7995337 100.1851668 100.9294118 100.0566696 100.005574 100.0078431 100.081079 100.1768328 100.9568627 100.0842151 100.3348444 100.9294118 99.9954419 100.3346842 100.9294118 99.9571255 100.3319734 100.9372549 100 100 100 100 100 100 100.036741 100.3346811 100.9294118 100 100 100 100 100 100 99.9939159 99.8449713 100.0352941 100.0183086 99.8448707 100.0352941 99.9770366 99.8749168 100.027451 100.0306217 99.8721312 100.027451 100 100 100 100 100 100 100 100 100 100 100 100 100 100 100 100 100 100
100.0062038 99.8585537 100.0 99.9433454 99.9865216 100.9882353 99.877545 100.1115112 100.9686275 99.7994787 100.179637 100.8941176 100.0567014 100.0081153 100.0 100.0810882 100.1769229 100.9215686 100.0842263 100.3348817 100.8941176 99.9954462 100.3320321 100.9019608 99.9571309 100.3293329 100.8941176 100 100 100 100 100 100 100.0367501 100.3320587 100.9019608 100 100 100 100 100 100 99.9939454 99.8449833 100.0 100.0183208 99.8422949 100.0 99.9770598 99.874862 100.0 100.0306365 99.8721697 100.9960784 100 100 100 100 100 100 100 100 100 100 100 100 100 100 100 100 100 100
100.0076027 99.8585105 100.0078431 99.9433249 99.9865231 100.9843137 99.8775888 100.1115578 100.9647059 99.7995445 100.1769364 100.9098039 100.0567032 100.0055934 100.0 100.0811283 100.1795934 100.9372549 100.0842017 100.3374982 100.9176471 99.9954459 100.3320204 100.9176471 99.9571431 100.3293128 100.9019608 100 100 100 100 100 100 100.0367421 100.3320266 100.9176471 100 100 100 100 100 100 99.9953532 99.8449351 100.0156863 100.018341 99.8422643 100.0156863 99.9770679 99.8747835 100.0156863 100.0306444 99.8721958 100.0078431 100 100 100 100 100 100 100 100 100 100 100 100 100 100 100 100 100 100
100.0060831 99.8559707 100.027451 99.9418506 99.9865289 100.0196078 99.8776 100.1115702 100.9843137 99.8010242 100.1767813 100.9294118 100.0566252 100.0080784 100.0 100.0795896 100.1794979 100.9411765 100.0826927 100.337382 100.9215686 99.9939283 100.3319668 100.9215686 99.9556191 100.3292401 100.9215686 100 100 100 100 100 100 100.0352037 100.3320062 100.9215686 100 100 100 100 100 100 99.9938337 99.8448718 100.027451 100.0168177 99.8422105 100.027451 99.9755475 99.874754 100.027451 100.0291318 99.8721112 100.0196078 100 100 100 100 100 100 100 100 100 100 100 100 100 100 100 100 100 100
100.0060783 99.8585986 100.027451 99.9418399 99.989124 100.9960784 99.882056 100.1169334 100.9960784 99.8085985 100.1767877 100.9215686 100.0566248 100.0082275 100.9960784 100.0796003 100.1821846 100.9411765 100.0841681 100.3400523 100.9215686 99.9939062 100.3318949 100.9294118 99.9555974 100.3291667 100.9294118 100 100 100 100 100 100 100.0351807 100.3319368 100.9294118 100 100 100 100 100 100 99.9938151 99.8448994 100.027451 100.016825 99.8422049 100.027451 99.9770059 99.8773965 100.027451 100.0291402 99.8747362 100.0196078 100 100 100 100 100 100 100 100 100 100 100 100 100 100 100 100 100 100
100.006085 99.8585594 100.0156863 99.9418263 99.9890905 100.0 99.8821727 100.1169954 100.9843137 99.810164 100.1795895 100.9176471 100.0566297 100.0107293 100.9843137 100.0796173 100.1822287 100.9372549 100.0842031 100.3374824 100.9098039 99.9939086 100.3346636 100.9176471 99.9555803 100.3319209 100.9098039 100 100 100 100 100 100 100.0352037 100.3346786 100.9176471 100 100 100 100 100 100 99.993824 99.844854 100.0156863 100.0168375 99.8421574 100.0156863 99.9770312 99.8773703 100.0156863 100.0305397 99.8746919 100.0078431 100 100 100 100 100 100 100 100 100 100 100 100 100 100 100 100 100 100
100.0045896 99.8585654 100.027451 99.941797 99.989121 100.0117647 99.8806907 100.1196595 100.9960784 99.8102217 100.1823092 100.9294118 100.0551269 100.0082392 100.0117647 100.0781 100.1821902 100.9411765 100.0841768 100.3374157 100.9215686 99.9924005 100.3373984 100.9215686 99.9540787 100.334696 100.9215686 100 100 100 100 100 100 100.0336973 100.3374274 100.9215686 100 100 100 100 100 100 99.9923276 99.8448839 100.027451 100.0153352 99.8421706 100.027451 99.9755567 99.8774567 100.0196078 100.0276416 99.8747389 100.0117647 100 100 100 100 100 100 100 100 100 100 100 100 100 100 100 100 100 100
100.0031017 99.8585768 100.027451 99.9403193 99.9891046 100.0 99.8822291 100.1197902 100.0 99.8178543 100.1904713 100.9411765 100.0536726 100.0082321 100.0 100.0766223 100.1795937 100.9490196 100.0827023 100.3401121 100.9215686 99.9909014 100.3373882 100.9215686 99.9525707 100.3346633 100.9215686 100 100 100 100 100 100 100.033713 100.340092 100.9215686 100 100 100 100 100 100 99.9908417 99.8448499 100.027451 100.0138524 99.8421411 100.027451 99.9755077 99.8748488 100.0196078 100.0275464 99.8721005 100.0117647 100 100 100 100 100 100 100 100 100 100 100 100 100 100 100 100 100 100
100.0031004 99.8585327 100.0196078 99.9403191 99.989106 100.0 99.8837561 100.1223766 100.9960784 99.8179416 100.2040003 100.9294118 100.0551353 100.0082215 100.9960784 100.0766234 100.1822109 100.9490196 100.0812 100.3401455 100.9215686 99.9908831 100.3346372 100.9294118 99.9525904 100.3291979 100.9294118 100 100 100 100 100 100 100.0321813 100.3373466 100.9294118 100 100 100 100 100 100 99.9908444 99.8421995 100.027451 100.0138585 99.842096 100.027451 99.975517 99.8748205 100.0196078 100.0275467 99.8720731 100.0117647 100 100 100 100 100 100 100 100 100 100 100 100 100 100 100 100 100 100
100.0031264 99.8558897 100.027451 99.9403074 99.9864914 100.9960784 99.8867614 100.1251839 100.9843137 99.8224823 100.2042102 100.9215686 100.0551488 100.0056136 100.0117647 100.0766217 100.1795645 100.9411765 100.0826874 100.3375266 100.9294118 99.9909021 100.3320522 100.9294118 99.9525717 100.3319748 100.9215686 100 100 100 100 100 100 100.0321866 100.3347044 100.9294118 100 100 100 100 100 100 99.9908749 99.8422211 100.027451 100.0138619 99.8394849 100.027451 99.975543 99.8747845 100.0196078 100.0275489 99.8694929 100.0196078 100 100 100 100 100 100 100 100 100 100 100 100 100 100 100 100 100 100
100.0031177 99.8558608 100.0156863 99.9402965 99.9864892 100.0 99.8913702 100.1333299 100.972549 99.8316369 100.2232608 100.9176471 100.0551614 100.0055913 100.9921569 100.0766308 100.1796048 100.9294118 100.0826971 100.3402042 100.9098039 99.9909066 100.3292895 100.9176471 99.9526303 100.3265285 100.9019608 100 100 100 100 100 100 100.0321867 100.3319727 100.9176471 100 100 100 100 100 100 99.990863 99.8395455 100.0156863 100.0138518 99.836889 100.0156863 99.9755244 99.8722018 100.0078431 100.0275378 99.8694091 100.0078431 100 100 100 100 100 100 100 100 100 100 100 100 100 100 100 100 100 100
100.0031162 99.8558936 100.0196078 99.940278 99.9865097 100.0 99.8929155 100.1360272 100.9843137 99.839316 100.2260657 100.9411765 100.0551541 100.005589 100.0117647 100.076624 100.1796002 100.9411765 100.0827032 100.3374507 100.9137255 99.9908947 100.3320136 100.9137255 99.9525881 100.3292646 100.9215686 100 100 100 100 100 100 100.0321676 100.3320559 100.9137255 100 100 100 100 100 100 99.9908687 99.839573 100.027451 100.0138489 99.8369209 100.027451 99.9755271 99.8721971 100.0196078 100.0275333 99.8694684 100.0117647 100 100 100 100 100 100 100 100 100 100 100 100 100 100 100 100 100 100
100.0030989 99.8558936 100.0352941 99.9402915 99.9865269 100.0 99.8959454 100.13623 100.0 99.8424206 100.239471 100.9294118 100.0551373 100.0055773 100.0 100.0765948 100.1769261 100.9490196 100.0841929 100.3375774 100.9294118 99.9909045 100.3320229 100.9294118 99.9526216 100.3292859 100.9372549 100 100 100 100 100 100 100.0321852 100.3347235 100.9294118 100 100 100 100 100 100 99.9908551 99.8395752 100.0352941 100.0138393 99.8369001 100.0352941 99.9755226 99.872176 100.027451 100.0275259 99.8694087 100.027451 100 100 100 100 100 100 100 100 100 100 100 100 100 100 100 100 100 100
100.0031066 99.8558597 100.0196078 99.9402693 99.9865246 100.0117647 99.9036336 100.1389566 100.9960784 99.8561122 100.2530779 100.9294118 100.0551085 100.0055752 100.0 100.0765924 100.1795176 100.9411765 100.084168 100.3401524 100.9137255 99.9923742 100.3374674 100.9137255 99.9526217 100.3347723 100.9215686 100 100 100 100 100 100 100.0352192 100.3401954 100.9137255 100 100 100 100 100 100 99.9908699 99.8395287 100.027451 100.0138334 99.83689 100.027451 99.9755074 99.8721273 100.0196078 100.0275057 99.8693898 100.0117647 100 100 100 100 100 100 100 100 100 100 100 100 100 100 100 100 100 100
100.0031147 99.8585326 100.027451 99.9402752 99.9891581 100.0078431 99.9052107 100.1442671 100.0 99.863826 100.2666785 100.9372549 100.0551232 100.0082077 100.9921569 100.07659 100.1796407 100.9490196 100.0826939 100.3401023 100.9372549 99.9923696 100.334691 100.9372549 99.9526367 100.3319681 100.9372549 100 100 100 100 100 100 100.0352095 100.3373875 100.9372549 100 100 100 100 100 100 99.9908813 99.8421661 100.0352941 100.0138516 99.8395629 100.0352941 99.9755044 99.8747519 100.027451 100.0275307 99.8694049 100.0196078 100 100 100 100 100 100 100 100 100 100 100 100 100 100 100 100 100 100
100.0031046 99.8584705 100.0 99.9388454 99.9891505 100.9764706 99.9082113 100.1468786 100.9843137 99.86848 100.274752 100.9098039 100.0536641 100.0081684 100.9960784 100.0766141 100.1795508 100.9215686 100.0827046 100.3401545 100.9098039 99.9909333 100.3346642 100.9098039 99.9526233 100.3319372 100.9019608 100 100 100 100 100 100 100.0352176 100.3346901 100.9098039 100 100 100 100 100 100 99.9908703 99.8421038 100.0078431 100.0138467 99.839493 100.0078431 99.9755121 99.8747113 100.0 100.027527 99.869389 100.9960784 100 100 100 100 100 100 100 100 100 100 100 100 100 100 100 100 100 100
100.003085 99.8558275 100.0078431 99.9388288 99.9891104 100.9921569 99.9143458 100.1523777 100.9921569 99.8807261 100.2884983 100.9176471 100.0551281 100.0055147 100.0 100.0766116 100.1794976 100.9294118 100.0827084 100.3375073 100.9176471 99.9923754 100.3347118 100.9176471 99.9526263 100.3319779 100.9176471 100 100 100 100 100 100 100.0352487 100.3374387 100.9176471 100 100 100 100 100 100 99.9908367 99.8394508 100.0156863 100.0138313 99.8368422 100.0156863 99.9740316 99.8720662 100.0078431 100.0275208 99.8693812 100.0 100 100 100 100 100 100 100 100 100 100 100 100 100 100 100 100 100 100
100.0045488 99.8558238 100.0078431 99.9402637 99.9891489 100.0 99.9173299 100.1550505 100.9843137 99.8882475 100.2939764 100.9294118 100.0565951 100.0054727 100.0 100.0780789 100.1795423 100.9294118 100.0841679 100.337407 100.9098039 99.9938299 100.3346661 100.9098039 99.9540991 100.3292968 100.9176471 100 100 100 100 100 100 100.0351883 100.3347148 100.9098039 100 100 100 100 100 100 99.9923005 99.8394811 100.0156863 100.0152826 99.8368636 100.0156863 99.9754835 99.872086 100.0078431 100.0289887 99.8667317 100.0 100 100 100 100 100 100 100 100 100 100 100 100 100 100 100 100 100 100
100.0030922 99.8557644 100.0196078 99.9388278 99.9891883 100.0 99.9159219 100.157823 100.9764706 99.8928591 100.3101268 100.9294118 100.0551481 100.0054283 100.9960784 100.0766425 100.1769168 100.9490196 100.0842003 100.3373841 100.9411765 99.9923733 100.3347103 100.9411765 99.9526612 100.3319853 100.9215686 100 100 100 100 100 100 100.0337251 100.3374161 100.9411765 100 100 100 100 100 100 99.9908375 99.8368523 100.0196078 100.0138268 99.8367986 100.0196078 99.9740166 99.87202 100.0196078 100.0261409 99.8666837 100.0196078 100 100 100 100 100 100 100 100 100 100 100 100 100 100 100 100 100 100
100.0045635 99.853135 100.0196078 99.9403019 99.9918973 100.0 99.9189393 100.155118 100.9960784 99.9005347 100.3265094 100.9411765 100.056636 100.0027541 100.9960784 100.0781524 100.1741635 100.9490196 100.085746 100.3347101 100.9215686 99.9924001 100.3374192 100.9137255 99.9541191 100.3320554 100.9294118 100 100 100 100 100 100 100.0321724 100.3401464 100.9137255 100 100 100 100 100 100 99.9923089 99.8341722 100.027451 100.0153047 99.8341454 100.027451 99.9740304 99.8694453 100.0196078 100.0276191 99.8639947 100.0117647 100 100 100 100 100 100 100 100 100 100 100 100 100 100 100 100 100 100
100.0045386 99.8531434 100.0196078 99.9402847 99.9945658 100.0 99.9189174 100.1577809 100.9843137 99.9036039 100.329371 100.9411765 100.05517 100.0027267 100.0117647 100.0781362 100.1714256 100.9490196 100.0872068 100.3321168 100.9294118 99.9924132 100.3347727 100.9294118 99.9541296 100.3347008 100.9215686 100 100 100 100 100 100 100.0336916 100.3401431 100.9215686 100 100 100 100 100 100 99.9908996 99.8367558 100.0196078 100.0152784 99.8341307 100.027451 99.9739984 99.8694453 100.0196078 100.0275947 99.8639843 100.0117647 100 100 100 100 100 100 100 100 100 100 100 100 100 100 100 100 100 100
100.0031392 99.8531497 100.0 99.9388052 99.9946039 100.9960784 99.9189842 100.1551864 100.9764706 99.9065882 100.331972 100.9215686 100.0566317 100.0026939 100.0 100.0795794 100.1741234 100.9294118 100.0872334 100.3346712 100.9019608 99.9938767 100.334705 100.9019608 99.9555737 100.3319861 100.9019608 100 100 100 100 100 100 100.0352358 100.3374149 100.9019608 100 100 100 100 100 100 99.9908748 99.8368208 100.0078431 100.0152437 99.8367148 100.0078431 99.972484 99.8719915 100.0078431 100.0275692 99.8639947 100.9960784 100 100 100 100 100 100 100 100 100 100 100 100 100 100 100 100 100 100
100.0030914 99.8531297 100.027451 99.9402867 99.9945685 100.0078431 99.9204099 100.1578017 100.9921569 99.9081724 100.3347179 100.9490196 100.0551803 100.0027136 100.0 100.078174 100.1687948 100.9568627 100.0872512 100.3321362 100.9294118 99.9924482 100.3347281 100.9294118 99.9541166 100.3320274 100.9294118 100 100 100 100 100 100 100.0352451 100.3347821 100.9294118 100 100 100 100 100 100 99.9908413 99.8368148 100.0352941 100.0137683 99.8341211 100.0352941 99.9709593 99.8720386 100.0352941 100.0275337 99.8639838 100.0196078 100 100 100 100 100 100 100 100 100 100 100 100 100 100 100 100 100 100
100.0045703 99.8531748 100.0 99.9403102 99.9946413 100.9843137 99.9219244 100.1579384 100.9764706 99.9112401 100.3321891 100.9294118 100.0566563 100.0026951 100.0 100.0796495 100.1633085 100.9372549 100.0887738 100.3321623 100.9098039 99.9953875 100.3320839 100.9098039 99.955624 100.3293641 100.9019608 100 100 100 100 100 100 100.036755 100.3348015 100.9019608 100 100 100 100 100 100 99.9923036 99.8368468 100.0 100.0152465 99.8340923 100.0078431 99.9709859 99.8721091 100.0078431 100.029 99.8613634 100.9960784 100 100 100 100 100 100 100 100 100 100 100 100 100 100 100 100 100 100
100.0045295 99.8531437 100.0196078 99.9403141 99.9946403 100.0078431 99.9204391 100.1605712 100.0 99.9112443 100.3347223 100.9490196 100.0566327 100.0026411 100.0 100.0796428 100.1633484 100.9647059 100.0887728 100.332124 100.9372549 99.9969013 100.3292958 100.9372549 99.9570954 100.3292592 100.9294118 100 100 100 100 100 100 100.0397432 100.3293278 100.9372549 100 100 100 100 100 100 99.9922598 99.8394944 100.027451 100.0137408 99.8341066 100.0352941 99.9709323 99.872103 100.0352941 100.0275133 99.8639751 100.0196078 100 100 100 100 100 100 100 100 100 100 100 100 100 100 100 100 100 100
100.0030944 99.8531647 100.0078431 99.940306 99.9946158 100.9921569 99.9204855 100.157777 100.9843137 99.9097582 100.3347016 100.9372549 100.0566534 100.0026738 100.0 100.079674 100.1660127 100.945098 100.0887921 100.3320764 100.9176471 99.9969263 100.3292717 100.9176471 99.9571404 100.3265931 100.9019608 100 100 100 100 100 100 100.0397483 100.3293321 100.9176471 100 100 100 100 100 100 99.9922612 99.8395143 100.0078431 100.0122552 99.8341476 100.0156863 99.9709435 99.8720967 100.0156863 100.0260455 99.8640268 100.0 100 100 100 100 100 100 100 100 100 100 100 100 100 100 100 100 100 100
100.0030807 99.8531538 100.027451 99.9402918 99.9946557 100.0196078 99.9204756 100.1551965 100.9921569 99.9097243 100.3347715 100.9568627 100.0566555 100.0026563 100.0 100.079693 100.168802 100.9568627 100.0887931 100.3321309 100.9294118 99.9954595 100.3319845 100.9294118 99.9571271 100.3292839 100.9294118 100 100 100 100 100 100 100.0397583 100.3320134 100.9294118 100 100 100 100 100 100 99.9908351 99.8395037 100.027451 100.0122417 99.8341223 100.0352941 99.9709492 99.8721682 100.0352941 100.0260464 99.8613284 100.027451 100 100 100 100 100 100 100 100 100 100 100 100 100 100 100 100 100 100
