99.9999099 99.8611549 100.0352941 99.9494316 100.0081055 100.0078431 99.9326141 100.165853 100.9843137 99.9143419 100.3208822 100.945098 100.0550654 99.9972922 100.0078431 100.0764967 100.1494718 100.9647059 100.0872718 100.301995 100.9372549 100.0060828 100.3019849 100.9372549 99.9648083 100.3046605 100.9294118 100 100 100 100 100 100 100.0473824 100.3019811 100.9372549 100 100 100 100 100 100 99.9877169 99.8448107 100.0431373 100.0106467 99.8448254 100.0431373 99.9738979 99.8720846 100.027451 100.0228961 99.8720453 100.027451 100 100 100 100 100 100 100 100 100 100 100 100 100 100 100 100 100 100
99.9999053 99.8611636 100.0352941 99.9494449 100.0107285 100.0078431 99.9311238 100.1684905 100.9843137 99.9143454 100.3208887 100.945098 100.0550653 99.9972797 100.0 100.075034 100.1469282 100.972549 100.0887333 100.3020109 100.9294118 100.0045924 100.3019187 100.9294118 99.9647624 100.3019691 100.9294118 100 100 100 100 100 100 100.0473728 100.2992569 100.9294118 100 100 100 100 100 100 99.9877143 99.8448035 100.0431373 100.0106562 99.8448151 100.0431373 99.9739009 99.8720671 100.0352941 100.022914 99.8720351 100.027451 100 100 100 100 100 100 100 100 100 100 100 100 100 100 100 100 100 100
99.9998979 99.8611526 100.0352941 99.9494164 100.0107154 100.0078431 99.9326128 100.1658546 100.9843137 99.9143238 100.3208552 100.945098 100.0550666 99.9972968 100.0 100.0795174 100.1522547 100.9647059 100.0887135 100.3020023 100.9294118 100.0060789 100.3019295 100.9294118 99.9662794 100.3019767 100.9294118 100 100 100 100 100 100 100.0473436 100.3019298 100.9294118 100 100 100 100 100 100 99.9877027 99.8447849 100.0431373 100.0106431 99.8447962 100.0431373 99.9738829 99.8720637 100.027451 100.0228981 99.8720248 100.027451 100 100 100 100 100 100 100 100 100 100 100 100 100 100 100 100 100 100
99.9998987 99.8611557 100.0352941 99.9494332 100.0080779 100.0078431 99.9326002 100.165875 100.9843137 99.9143222 100.3209103 100.945098 100.0550636 99.9973094 100.0 100.0780082 100.1496218 100.972549 100.0887201 100.3019663 100.9294118 100.0045782 100.3019767 100.9294118 99.9647801 100.3046527 100.9294118 100 100 100 100 100 100 100.0473412 100.3019663 100.9294118 100 100 100 100 100 100 99.9877048 99.8447978 100.0431373 100.0106439 99.8448154 100.0431373 99.9738827 99.8720899 100.027451 100.0228939 99.872034 100.027451 100 100 100 100 100 100 100 100 100 100 100 100 100 100 100 100 100 100
99.9998899 99.8611992 100.0352941 99.9494323 100.0080969 100.0078431 99.9325984 100.16593 100.972549 99.9143217 100.3209721 100.945098 100.0550763 99.9973259 100.0 100.0764992 100.1495292 100.972549 100.0887258 100.3020281 100.9294118 100.0060524 100.3020024 100.9294118 99.9647619 100.3046683 100.9294118 100 100 100 100 100 100 100.0473605 100.3020027 100.9294118 100 100 100 100 100 100 99.9877059 99.8448233 100.0431373 100.010639 99.8448502 100.0431373 99.9738854 99.8720748 100.027451 100.0229005 99.8720614 100.027451 100 100 100 100 100 100 100 100 100 100 100 100 100 100 100 100 100 100
99.999892 99.8611913 100.0352941 99.9494376 100.0080917 100.0 99.9311087 100.1684948 100.9843137 99.914325 100.3208888 100.945098 100.0550525 99.9973126 100.0 100.0765182 100.1495463 100.972549 100.0887408 100.3020146 100.9294118 100.0060661 100.3020253 100.9294118 99.964784 100.3046958 100.9294118 100 100 100 100 100 100 100.0473855 100.3046668 100.9294118 100 100 100 100 100 100 99.9877074 99.8448332 100.0431373 100.0106315 99.8448358 100.0431373 99.9738803 99.8721069 100.027451 100.022891 99.8694277 100.0156863 100 100 100 100 100 100 100 100 100 100 100 100 100 100 100 100 100 100
99.999906 99.8611777 100.0352941 99.9494261 100.008114 100.0078431 99.9326056 100.1659083 100.9921569 99.9143283 100.3209612 100.945098 100.0550766 99.9973 100.0 100.0780119 100.1496356 100.9647059 100.0902559 100.3018546 100.9294118 100.0060696 100.3019767 100.9294118 99.9648015 100.301998 100.9294118 100 100 100 100 100 100 100.0473798 100.3019859 100.9294118 100 100 100 100 100 100 99.9877115 99.8448104 100.0431373 100.0106446 99.8448355 100.0431373 99.9738733 99.8720524 100.027451 100.0228927 99.8720657 100.0156863 100 100 100 100 100 100 100 100 100 100 100 100 100 100 100 100 100 100
99.9999054 99.8611376 100.0352941 99.9494277 100.0081096 100.0078431 99.931101 100.1659156 100.9843137 99.9143142 100.3209869 100.9372549 100.0550586 99.9973043 100.0 100.0765044 100.1495785 100.9647059 100.0917977 100.2993267 100.9294118 100.0076231 100.3020044 100.9294118 99.9678124 100.3046911 100.9294118 100 100 100 100 100 100 100.0474295 100.3020077 100.9294118 100 100 100 100 100 100 99.9877031 99.8448107 100.0431373 100.0106455 99.8448137 100.0431373 99.9738716 99.8720847 100.027451 100.0228852 99.8747361 100.0156863 100 100 100 100 100 100 100 100 100 100 100 100 100 100 100 100 100 100
99.9999255 99.8611061 100.0352941 99.9494437 100.0081017 100.0078431 99.9311147 100.1685083 100.972549 99.9143498 100.3209641 100.9372549 100.0535508 99.9972827 100.0 100.0765259 100.1469879 100.9647059 100.0963977 100.2965865 100.9294118 100.0061275 100.3019708 100.9372549 99.9663108 100.3046808 100.9294118 100 100 100 100 100 100 100.047421 100.2993003 100.9372549 100 100 100 100 100 100 99.9877258 99.84479 100.0431373 100.0106722 99.8448015 100.0431373 99.9738898 99.872094 100.027451 100.0229087 99.8720887 100.0156863 100 100 100 100 100 100 100 100 100 100 100 100 100 100 100 100 100 100
99.998521 99.8611462 100.027451 99.9494311 100.0080712 100.0 99.9311391 100.1659081 100.9764706 99.9143525 100.3209126 100.9294118 100.0535588 99.997306 100.0 100.0780742 100.1495613 100.9647059 100.0994995 100.293753 100.9294118 100.0061359 100.3019792 100.9294118 99.9663288 100.3046658 100.9215686 100 100 100 100 100 100 100.0474424 100.3019586 100.9294118 100 100 100 100 100 100 99.9877096 99.844791 100.0352941 100.0106682 99.844786 100.0352941 99.972485 99.8720837 100.0196078 100.0229168 99.8720481 100.0078431 100 100 100 100 100 100 100 100 100 100 100 100 100 100 100 100 100 100
99.9984989 99.8611535 100.0352941 99.9494275 100.0054058 100.0078431 99.9311167 100.1632237 100.972549 99.9143295 100.3209195 100.9372549 100.0520764 99.9973151 100.0 100.0826096 100.1496784 100.9647059 100.11018 100.2965301 100.9294118 100.0076318 100.301944 100.9294118 99.9663161 100.3020198 100.9294118 100 100 100 100 100 100 100.0474815 100.2992565 100.9294118 100 100 100 100 100 100 99.987686 99.8448115 100.0431373 100.0106412 99.844784 100.0431373 99.972478 99.8721007 100.027451 100.0229048 99.8720112 100.0156863 100 100 100 100 100 100 100 100 100 100 100 100 100 100 100 100 100 100
99.9984953 99.8612178 100.027451 99.9494421 100.0027456 100.0 99.9281223 100.1632629 100.9764706 99.9143312 100.3209343 100.9294118 100.0505943 99.997345 100.0 100.0903471 100.1468824 100.9647059 100.1453598 100.2884374 100.9215686 100.0076832 100.3020252 100.9215686 99.9663641 100.3047421 100.9215686 100 100 100 100 100 100 100.0474922 100.2993121 100.9215686 100 100 100 100 100 100 99.9863046 99.8448562 100.0352941 100.009234 99.844866 100.0352941 99.9724751 99.8721619 100.0196078 100.0214698 99.8748229 100.0078431 100 100 100 100 100 100 100 100 100 100 100 100 100 100 100 100 100 100
99.9985146 99.8612099 100.0352941 99.9479978 100.005419 100.0078431 99.9281283 100.1632599 100.9921569 99.9143068 100.3209513 100.9372549 100.0505891 99.9972994 100.9921569 100.0965394 100.1414056 100.9647059 100.1608192 100.2747562 100.9372549 100.0046706 100.3020074 100.9372549 99.964858 100.3047446 100.9294118 100 100 100 100 100 100 100.0474471 100.2992863 100.9372549 100 100 100 100 100 100 99.9863301 99.8448372 100.0352941 100.0092662 99.8448594 100.0352941 99.9724867 99.8720989 100.027451 100.0214829 99.8748162 100.0156863 100 100 100 100 100 100 100 100 100 100 100 100 100 100 100 100 100 100
99.9999393 99.8612737 100.0352941 99.9479358 100.0054784 100.0078431 99.9295403 100.1605657 100.9843137 99.9142804 100.3183332 100.9372549 100.0519745 99.9972686 100.0 100.1055602 100.1279619 100.9647059 100.1805647 100.244897 100.9647059 100.0076159 100.3020718 100.9294118 99.9677919 100.3074782 100.9294118 100 100 100 100 100 100 100.0489158 100.2993505 100.9294118 100 100 100 100 100 100 99.9877494 99.8448717 100.0431373 100.0106886 99.8449273 100.0431373 99.9738729 99.8720979 100.027451 100.0228826 99.8775317 100.0156863 100 100 100 100 100 100 100 100 100 100 100 100 100 100 100 100 100 100
99.9999304 99.8638362 100.027451 99.9479124 100.008159 100.0078431 99.9280957 100.1578934 100.9843137 99.9142361 100.3183431 100.9372549 100.05054 99.9972514 100.0 100.1147383 100.1251387 100.9647059 100.1958381 100.2150027 100.9647059 100.006081 100.3020642 100.9294118 99.9662645 100.3048011 100.9372549 100 100 100 100 100 100 100.0488846 100.2993505 100.9294118 100 100 100 100 100 100 99.9877484 99.8449463 100.0352941 100.0106787 99.8449903 100.0352941 99.9738817 99.8721394 100.027451 100.0213887 99.87491 100.0156863 100 100 100 100 100 100 100 100 100 100 100 100 100 100 100 100 100 100
99.9999506 99.8639194 100.0352941 99.9449496 100.0108073 100.0 99.9280533 100.1631421 100.9843137 99.9127475 100.3183019 100.9372549 100.0505832 99.9972071 100.0 100.1300953 100.1005933 100.9843137 100.2204469 100.1523354 100.9647059 100.0046459 100.304683 100.9294118 99.9663415 100.3100969 100.9294118 100 100 100 100 100 100 100.0474728 100.3046366 100.9294118 100 100 100 100 100 100 99.98778 99.8475463 100.0352941 100.0106958 99.8476175 100.0352941 99.970948 99.8747069 100.027451 100.019927 99.8801531 100.0156863 100 100 100 100 100 100 100 100 100 100 100 100 100 100 100 100 100 100
99.9999876 99.866478 100.0196078 99.9449388 100.0108552 100.9960784 99.9280599 100.1659463 100.9647059 99.909771 100.3156111 100.9294118 100.0505816 99.9971635 100.0 100.1362218 100.0843575 100.9764706 100.2281125 100.1250518 100.9647059 100.0046529 100.3047567 100.9294118 99.9649149 100.3128393 100.9294118 100 100 100 100 100 100 100.0474897 100.3047023 100.9294118 100 100 100 100 100 100 99.9878078 99.8475814 100.027451 100.0107253 99.8476823 100.027451 99.9694627 99.874796 100.0196078 100.018446 99.8802037 100.0078431 100 100 100 100 100 100 100 100 100 100 100 100 100 100 100 100 100 100
100.0000047 99.8665314 100.0117647 99.9449445 100.0135379 100.9882353 99.9280689 100.1632818 100.9568627 99.9097466 100.3156322 100.9215686 100.0505844 99.9971269 100.0 100.1363396 100.0653693 100.9764706 100.2358118 100.0897244 100.9686275 100.0031573 100.307458 100.9137255 99.9648857 100.3129062 100.9215686 100 100 100 100 100 100 100.047465 100.3074321 100.9137255 100 100 100 100 100 100 99.9878158 99.8476237 100.0196078 100.0107301 99.8477243 100.0196078 99.9694577 99.8748672 100.0117647 100.0184393 99.8802605 100.0 100 100 100 100 100 100 100 100 100 100 100 100 100 100 100 100 100 100
99.9999869 99.8666045 100.9960784 99.9449369 100.0136088 100.9686275 99.9280564 100.1633312 100.9490196 99.9082199 100.3183622 100.8941176 100.0505775 99.9945606 100.0 100.1454159 100.0434844 100.9490196 100.2449161 100.0353722 100.9568627 100.0031185 100.3102638 100.8941176 99.9648459 100.3156726 100.8941176 100 100 100 100 100 100 100.0459556 100.3102403 100.8941176 100 100 100 100 100 100 99.9877969 99.8476919 100.0 100.0107089 99.847783 100.0 99.9694436 99.8749401 100.0 100.0184127 99.8802736 100.9764706 100 100 100 100 100 100 100 100 100 100 100 100 100 100 100 100 100 100
99.9999707 99.8666381 100.9960784 99.944943 100.0136597 100.9686275 99.928049 100.1659769 100.9490196 99.9081846 100.3184143 100.8941176 100.0505445 99.9919382 100.0 100.1469192 100.0272484 100.9686275 100.244926 100.0136402 100.9960784 100.0030781 100.3102791 100.8941176 99.9647922 100.3157082 100.8941176 100 100 100 100 100 100 100.0459158 100.3075665 100.8941176 100 100 100 100 100 100 99.9877677 99.8477194 100.0078431 100.0106874 99.8478113 100.0078431 99.9694095 99.8749565 100.0 100.0183712 99.8776447 100.9843137 100 100 100 100 100 100 100 100 100 100 100 100 100 100 100 100 100 100
99.9999088 99.8666173 100.9882353 99.9449028 100.0136563 100.9607843 99.9280048 100.1660278 100.9411765 99.9096551 100.3183941 100.8941176 100.0520128 99.9918913 100.0 100.1484004 100.0190753 100.9882353 100.2448602 99.9945266 100.0 100.0030262 100.3129797 100.8862745 99.9647366 100.3157347 100.8862745 100 100 100 100 100 100 100.0458669 100.3102855 100.8862745 100 100 100 100 100 100 99.9877111 99.8476896 100.9960784 100.0106277 99.8477979 100.9960784 99.9693611 99.8749382 100.9960784 100.0183177 99.8776384 100.9764706 100 100 100 100 100 100 100 100 100 100 100 100 100 100 100 100 100 100
99.9999127 99.8666296 100.9882353 99.9463776 100.0137072 100.9607843 99.9280277 100.1633614 100.9411765 99.9096522 100.3184092 100.8941176 100.0520308 99.9891674 100.0 100.1484658 100.0082792 100.9960784 100.2447923 99.9754895 100.0 100.0030598 100.3048799 100.8941176 99.9662819 100.3075907 100.8941176 100 100 100 100 100 100 100.0443295 100.3021638 100.8941176 100 100 100 100 100 100 99.9877159 99.8477152 100.9960784 100.0106365 99.8478255 100.9960784 99.9693458 99.8749456 100.9960784 100.0183334 99.8776923 100.9764706 100 100 100 100 100 100 100 100 100 100 100 100 100 100 100 100 100 100
99.9984927 99.8691419 100.9960784 99.9464396 100.0162214 100.9764706 99.9266263 100.1685257 100.9490196 99.91128 100.3235942 100.9019608 100.052104 99.986332 100.0 100.1454095 99.9999231 100.0 100.2357826 99.945477 100.9960784 100.00308 100.3236624 100.8941176 99.963306 100.3263927 100.8941176 100 100 100 100 100 100 100.0459611 100.3236679 100.8941176 100 100 100 100 100 100 99.9862786 99.8502447 100.0 100.009206 99.850313 100.0 99.9678956 99.8775005 100.0 100.0168896 99.8802149 100.9843137 100 100 100 100 100 100 100 100 100 100 100 100 100 100 100 100 100 100
99.9984755 99.8691972 100.9882353 99.944967 100.0162274 100.9607843 99.9280953 100.168526 100.9411765 99.9127505 100.3235956 100.8941176 100.0536099 99.9863409 100.0 100.1469386 99.9970717 100.0 100.2342247 99.9372065 100.9764706 100.003089 100.318246 100.8862745 99.9633096 100.3209909 100.8862745 100 100 100 100 100 100 100.0459785 100.3155423 100.8862745 100 100 100 100 100 100 99.98627 99.8502644 100.9960784 100.009195 99.850377 100.9960784 99.9678721 99.8774718 100.9960784 100.0168818 99.8801596 100.9764706 100 100 100 100 100 100 100 100 100 100 100 100 100 100 100 100 100 100
99.9984815 99.8692017 100.9960784 99.9449688 100.0162518 100.9686275 99.9280788 100.1712768 100.9490196 99.9127999 100.3237561 100.9019608 100.0521101 99.9836921 100.0078431 100.1454559 99.9890049 100.0078431 100.2327619 99.9318349 100.9843137 100.0031351 100.3155867 100.8941176 99.9633379 100.3183086 100.8941176 100 100 100 100 100 100 100.0474618 100.312871 100.9019608 100 100 100 100 100 100 99.9862749 99.850292 100.0 100.0092073 99.8504257 100.0 99.9679015 99.8775096 100.0 100.0168911 99.8828822 100.9843137 100 100 100 100 100 100 100 100 100 100 100 100 100 100 100 100 100 100
99.9984538 99.8692285 100.9882353 99.9449594 100.0162857 100.9607843 99.9281054 100.1714004 100.9294118 99.914272 100.3264583 100.8941176 100.0536295 99.9836622 100.0 100.1454667 99.9810476 100.0 100.2312165 99.9184059 100.9764706 100.0046492 100.3155666 100.8862745 99.9633705 100.3183133 100.8862745 100 100 100 100 100 100 100.0474898 100.3128611 100.8862745 100 100 100 100 100 100 99.9862558 99.8503107 100.0 100.0091834 99.8504233 100.0 99.9678806 99.8774936 100.9960784 100.0168685 99.8829053 100.9686275 100 100 100 100 100 100 100 100 100 100 100 100 100 100 100 100 100 100
99.998459 99.8691959 100.9882353 99.944952 100.0162751 100.9607843 99.9281338 100.1714155 100.9294118 99.9142988 100.3264412 100.8941176 100.0536098 99.9836904 100.0 100.145437 99.9810392 100.0 100.2311891 99.9157461 100.9764706 100.006155 100.3155936 100.8862745 99.9648391 100.3210162 100.8862745 100 100 100 100 100 100 100.0475173 100.3128972 100.8862745 100 100 100 100 100 100 99.9862597 99.8502745 100.0 100.0091835 99.8504111 100.0 99.967883 99.8748656 100.9960784 100.016888 99.8829582 100.9686275 100 100 100 100 100 100 100 100 100 100 100 100 100 100 100 100 100 100
99.998455 99.8692531 100.9882353 99.9449788 100.0163155 100.9686275 99.928159 100.1739991 100.9294118 99.9143265 100.3264702 100.8941176 100.0520873 99.9836191 100.0 100.1439169 99.9810626 100.0 100.2311758 99.9183141 100.9686275 100.0076745 100.3183091 100.8862745 99.9648971 100.3210317 100.8862745 100 100 100 100 100 100 100.0475325 100.318332 100.8862745 100 100 100 100 100 100 99.9862631 99.8503296 100.0 100.0077268 99.8504221 100.0 99.9678847 99.8748352 100.9960784 100.0153986 99.8802561 100.9764706 100 100 100 100 100 100 100 100 100 100 100 100 100 100 100 100 100 100
99.9984361 99.8692406 100.9960784 99.944939 100.0189138 100.9686275 99.9281634 100.1713985 100.9490196 99.9143196 100.3264019 100.9019608 100.0521256 99.9836206 100.0078431 100.1453975 99.9810374 100.0078431 100.2311965 99.9183595 100.9843137 100.0061934 100.3182754 100.8941176 99.9648476 100.3183199 100.9019608 100 100 100 100 100 100 100.0475493 100.318286 100.8941176 100 100 100 100 100 100 99.986261 99.8503075 100.0078431 100.0077071 99.8504423 100.0078431 99.9664117 99.8748194 100.9960784 100.0153714 99.8802542 100.9764706 100 100 100 100 100 100 100 100 100 100 100 100 100 100 100 100 100 100
99.9984059 99.8692404 100.9882353 99.946368 100.0163277 100.9607843 99.9295783 100.1713779 100.9411765 99.9157145 100.3264166 100.8941176 100.0534983 99.9836182 100.0 100.1453376 99.9836657 100.0 100.2326363 99.9264909 100.9764706 100.0075967 100.3129115 100.8941176 99.9662498 100.3183077 100.8862745 100 100 100 100 100 100 100.048955 100.3128904 100.8941176 100 100 100 100 100 100 99.9876215 99.8503331 100.9960784 100.0090841 99.8504145 100.9960784 99.967784 99.8748994 100.9882353 100.0167892 99.8802471 100.9764706 100 100 100 100 100 100 100 100 100 100 100 100 100 100 100 100 100 100
99.9970281 99.8692332 100.9960784 99.9449561 100.0163247 100.9686275 99.9281474 100.1739641 100.9568627 99.9128618 100.3263938 100.9019608 100.0521062 99.9836112 100.0078431 100.1454783 99.9837389 100.0078431 100.2327106 99.9292539 100.9843137 100.0061679 100.3156212 100.8941176 99.9633921 100.3210273 100.8941176 100 100 100 100 100 100 100.0475505 100.3155871 100.8941176 100 100 100 100 100 100 99.986231 99.8503205 100.0 100.0077077 99.8504149 100.0 99.9663742 99.8775052 100.9960784 100.0153718 99.8802907 100.9764706 100 100 100 100 100 100 100 100 100 100 100 100 100 100 100 100 100 100
99.9969888 99.8692297 100.9882353 99.9449547 100.0163031 100.9607843 99.9281486 100.1713082 100.9411765 99.912799 100.3263742 100.8941176 100.0536009 99.9836584 100.9960784 100.1469223 99.9863432 100.9960784 100.2327292 99.9345482 100.9764706 100.0061904 100.3101967 100.8941176 99.9648471 100.3156167 100.8862745 100 100 100 100 100 100 100.0475156 100.3101531 100.8941176 100 100 100 100 100 100 99.9862077 99.8503094 100.9960784 100.0076853 99.8504066 100.9960784 99.9663747 99.8748776 100.9882353 100.0153711 99.8802793 100.9764706 100 100 100 100 100 100 100 100 100 100 100 100 100 100 100 100 100 100
99.9969991 99.8692708 100.9882353 99.9449715 100.0162812 100.9607843 99.9281107 100.1686742 100.9411765 99.9127469 100.3237248 100.8941176 100.0520876 99.9836364 100.0 100.1469388 99.9971464 100.0 100.2342454 99.9401129 100.9764706 100.004624 100.315597 100.8862745 99.9633243 100.3210095 100.8862745 100 100 100 100 100 100 100.0475014 100.3129073 100.8862745 100 100 100 100 100 100 99.9862276 99.850361 100.9960784 100.0076808 99.8504298 100.9960784 99.9678916 99.8774809 100.9960784 100.0153934 99.8802095 100.9764706 100 100 100 100 100 100 100 100 100 100 100 100 100 100 100 100 100 100
99.9984547 99.8692435 100.9882353 99.9449845 100.0162236 100.9607843 99.926679 100.1686654 100.9411765 99.9113085 100.3210316 100.8941176 100.0520974 99.9836942 100.0 100.1454699 99.9998865 100.0 100.2357985 99.950955 100.9882353 100.0061705 100.3128532 100.8862745 99.9648362 100.3155937 100.8862745 100 100 100 100 100 100 100.0475287 100.3128561 100.8862745 100 100 100 100 100 100 99.9862654 99.8503159 100.0 100.0077263 99.8503975 100.0 99.9679173 99.8775295 100.9960784 100.0154023 99.880206 100.9686275 100 100 100 100 100 100 100 100 100 100 100 100 100 100 100 100 100 100
99.9984839 99.8666794 100.0 99.946486 100.0135618 100.9686275 99.9266581 100.1686697 100.9490196 99.9112648 100.3236849 100.9019608 100.0520787 99.9863347 100.0 100.1454696 100.0027161 100.0 100.2388055 99.9590496 100.0 100.0046611 100.3155686 100.8941176 99.9633722 100.3156161 100.8941176 100 100 100 100 100 100 100.0475048 100.3155752 100.8941176 100 100 100 100 100 100 99.9862852 99.8503005 100.0078431 100.0092099 99.8503763 100.0078431 99.9679294 99.8775516 100.0 100.0168882 99.8829192 100.9764706 100 100 100 100 100 100 100 100 100 100 100 100 100 100 100 100 100 100
99.9999607 99.8666398 100.9960784 99.9464164 100.0110309 100.9686275 99.9280609 100.1660907 100.9568627 99.9111969 100.321105 100.9019608 100.0520004 99.989242 100.0 100.1469376 100.0190943 100.9843137 100.2448924 99.9784094 100.0078431 100.0061152 100.3048793 100.8941176 99.9693654 100.3075833 100.8941176 100 100 100 100 100 100 100.0474139 100.3048617 100.8941176 100 100 100 100 100 100 99.9877709 99.8477227 100.0078431 100.0106973 99.8478369 100.0078431 99.9708889 99.8722981 100.9960784 100.0198848 99.8776901 100.9843137 100 100 100 100 100 100 100 100 100 100 100 100 100 100 100 100 100 100
99.9999496 99.8640422 100.0 99.9463936 100.0135828 100.9686275 99.9280182 100.166016 100.9490196 99.9126479 100.3211282 100.9019608 100.0519863 99.9945216 100.0 100.1468075 100.0246004 100.9764706 100.2448839 99.9999644 100.0 100.006093 100.3075385 100.8941176 99.9662585 100.3102404 100.8941176 100 100 100 100 100 100 100.0489149 100.3102112 100.8941176 100 100 100 100 100 100 99.9877606 99.8476375 100.0078431 100.0106825 99.8477342 100.0078431 99.9708845 99.8721877 100.9960784 100.0213518 99.8802574 100.9764706 100 100 100 100 100 100 100 100 100 100 100 100 100 100 100 100 100 100
99.9999927 99.8640099 100.9960784 99.9464022 100.0135648 100.9686275 99.9280363 100.1659762 100.9490196 99.9112076 100.3211258 100.9019608 100.0505352 99.994481 100.0 100.145312 100.040853 100.9568627 100.2448525 100.0216708 100.9764706 100.0076089 100.3075217 100.8941176 99.9662868 100.3129229 100.9019608 100 100 100 100 100 100 100.0489548 100.3075173 100.8941176 100 100 100 100 100 100 99.9891727 99.8475934 100.0078431 100.0121262 99.8476936 100.0078431 99.9723661 99.8721454 100.9960784 100.0213752 99.8775569 100.9843137 100 100 100 100 100 100 100 100 100 100 100 100 100 100 100 100 100 100
100.0000271 99.8639082 100.0 99.9479225 100.0108202 100.9686275 99.9280564 100.1658896 100.9372549 99.9126623 100.3210702 100.9019608 100.0505273 99.9971135 100.0 100.142316 100.0516225 100.9568627 100.2418158 100.0435568 100.9568627 100.0091361 100.3074528 100.8941176 99.9663208 100.3128881 100.9019608 100 100 100 100 100 100 100.0489927 100.3074221 100.8941176 100 100 100 100 100 100 99.9891966 99.847536 100.0078431 100.0121509 99.8476529 100.0078431 99.972395 99.8747507 100.9960784 100.0213799 99.8828834 100.9843137 100 100 100 100 100 100 100 100 100 100 100 100 100 100 100 100 100 100
100.0014624 99.8638916 100.0196078 99.9479681 100.0107842 100.9960784 99.9281025 100.1631677 100.9686275 99.9127341 100.3183086 100.9215686 100.0504832 99.9971699 100.0 100.136206 100.0814987 100.9764706 100.231116 100.103282 100.9686275 100.0091482 100.3073691 100.9137255 99.9663408 100.3101118 100.9215686 100 100 100 100 100 100 100.0490134 100.3073892 100.9137255 100 100 100 100 100 100 99.9892424 99.8475144 100.027451 100.0121981 99.847599 100.027451 99.9724547 99.8747307 100.0117647 100.0228929 99.8774408 100.0 100 100 100 100 100 100 100 100 100 100 100 100 100 100 100 100 100 100
100.0014774 99.8638781 100.027451 99.947983 100.008118 100.9960784 99.928121 100.1631836 100.9764706 99.9127601 100.3182614 100.9294118 100.0504799 99.9972129 100.0 100.1331633 100.0896515 100.9843137 100.232633 100.1305531 100.9647059 100.0076682 100.3046235 100.9215686 99.9663519 100.3073722 100.9215686 100 100 100 100 100 100 100.0489885 100.3046224 100.9215686 100 100 100 100 100 100 99.9892691 99.8475013 100.0352941 100.0122175 99.8475932 100.0352941 99.9739462 99.87209 100.0196078 100.0229472 99.8774646 100.0078431 100 100 100 100 100 100 100 100 100 100 100 100 100 100 100 100 100 100
100.0014404 99.8638521 100.0196078 99.9494349 100.0054534 100.0 99.9281171 100.1605323 100.9764706 99.9127409 100.3128983 100.9294118 100.0504933 99.9972716 100.0 100.1270035 100.1033816 100.9764706 100.2203758 100.1578492 100.9568627 100.007608 100.3021203 100.9294118 99.9662713 100.3075108 100.9215686 100 100 100 100 100 100 100.0489538 100.3020926 100.9294118 100 100 100 100 100 100 99.989238 99.8449298 100.0352941 100.0121799 99.8450139 100.0352941 99.9739377 99.869528 100.0196078 100.0229476 99.8748574 100.0078431 100 100 100 100 100 100 100 100 100 100 100 100 100 100 100 100 100 100
99.9999727 99.8638568 100.027451 99.949468 100.0001453 100.0078431 99.9280963 100.1605417 100.972549 99.9112657 100.3074829 100.9372549 100.0505118 99.9973466 100.0 100.1178938 100.1251334 100.972549 100.1959812 100.2123188 100.9647059 100.0046254 100.3047648 100.9294118 99.9633377 100.3075528 100.9294118 100 100 100 100 100 100 100.0474638 100.3021038 100.9294118 100 100 100 100 100 100 99.9877755 99.8449531 100.0431373 100.0107104 99.8450359 100.0431373 99.9739224 99.8721119 100.027451 100.0229276 99.8748587 100.0156863 100 100 100 100 100 100 100 100 100 100 100 100 100 100 100 100 100 100
99.9999907 99.8638059 100.027451 99.9494577 100.0026878 100.0078431 99.9295877 100.1551189 100.9843137 99.9112618 100.3048155 100.9372549 100.0505297 99.997356 100.0078431 100.108726 100.1278141 100.972549 100.1852758 100.2395574 100.9647059 100.0061276 100.3047626 100.9294118 99.9633522 100.3102144 100.9294118 100 100 100 100 100 100 100.0474846 100.302079 100.9294118 100 100 100 100 100 100 99.9877977 99.844912 100.0431373 100.0107347 99.8449732 100.0431373 99.9739506 99.8721193 100.027451 100.022981 99.8721744 100.0156863 100 100 100 100 100 100 100 100 100 100 100 100 100 100 100 100 100 100
99.9999963 99.8638295 100.027451 99.9494762 100.0000745 100.0078431 99.9295765 100.1524744 100.9843137 99.9112152 100.3021456 100.9372549 100.0505311 99.9974194 100.0 100.1040583 100.1306728 100.972549 100.1714872 100.2612629 100.945098 100.0045891 100.3020996 100.9372549 99.9647694 100.3074844 100.9294118 100 100 100 100 100 100 100.0473887 100.3020536 100.9372549 100 100 100 100 100 100 99.9878024 99.8449507 100.0431373 100.0107306 99.8449802 100.0431373 99.9739605 99.872181 100.027451 100.0229997 99.874859 100.0156863 100 100 100 100 100 100 100 100 100 100 100 100 100 100 100 100 100 100
99.9999932 99.8612474 100.0352941 99.9494697 100.0000269 100.0078431 99.9295361 100.1524373 100.9843137 99.9111845 100.3020674 100.9372549 100.0519906 99.9999747 100.0 100.0979922 100.1441181 100.9647059 100.1590957 100.2774989 100.9372549 100.006088 100.3074791 100.9372549 99.963302 100.3155771 100.9294118 100 100 100 100 100 100 100.0474168 100.3074537 100.9372549 100 100 100 100 100 100 99.9892198 99.8448764 100.0431373 100.0107392 99.8448952 100.0431373 99.9739812 99.8721379 100.027451 100.0243918 99.8721096 100.027451 100 100 100 100 100 100 100 100 100 100 100 100 100 100 100 100 100 100
99.9999909 99.8637205 100.0352941 99.9494588 99.9999972 100.0078431 99.9280496 100.1550774 100.9843137 99.9096384 100.3020873 100.9372549 100.0550109 99.9999833 100.0 100.0902439 100.1495903 100.9647059 100.1345647 100.2991005 100.9294118 100.0045069 100.30743 100.9294118 99.9632396 100.3128601 100.9294118 100 100 100 100 100 100 100.047351 100.3073784 100.9294118 100 100 100 100 100 100 99.9892644 99.8447974 100.0431373 100.0121707 99.8448441 100.0431373 99.9754572 99.8694031 100.0352941 100.0244353 99.8720802 100.027451 100 100 100 100 100 100 100 100 100 100 100 100 100 100 100 100 100 100
99.9985371 99.8637517 100.0352941 99.9494301 100.0000081 100.0078431 99.9280365 100.1550705 100.972549 99.9081573 100.3021063 100.945098 100.0550867 100.0000008 100.0 100.0842048 100.152324 100.9647059 100.1194132 100.3020504 100.9294118 100.003055 100.3047484 100.9372549 99.9617655 100.310157 100.9294118 100 100 100 100 100 100 100.0458861 100.3047105 100.9372549 100 100 100 100 100 100 99.989275 99.8448085 100.0431373 100.0107343 99.8448779 100.0431373 99.9740213 99.8694275 100.0352941 100.0230013 99.8747562 100.027451 100 100 100 100 100 100 100 100 100 100 100 100 100 100 100 100 100 100
99.9985292 99.8638128 100.027451 99.9479978 100.0000335 100.0078431 99.9280679 100.1551096 100.9843137 99.9081095 100.3047813 100.9372549 100.0565746 100.0000337 100.0 100.0795769 100.1632514 100.972549 100.0964424 100.3128742 100.9294118 100.0045695 100.3047429 100.9294118 99.9632436 100.3101693 100.9294118 100 100 100 100 100 100 100.0459209 100.3047238 100.9294118 100 100 100 100 100 100 99.9893037 99.8448496 100.0352941 100.0107474 99.8449379 100.0352941 99.9740487 99.8694399 100.027451 100.0230191 99.8747887 100.027451 100 100 100 100 100 100 100 100 100 100 100 100 100 100 100 100 100 100
99.9999557 99.8637413 100.0352941 99.9480001 100.0026204 100.0078431 99.929549 100.1577549 100.9843137 99.9081323 100.3073524 100.945098 100.0565965 99.9999971 100.0 100.0719978 100.1577554 100.9647059 100.0856849 100.3128333 100.9294118 100.0030613 100.302002 100.9294118 99.9617842 100.3047162 100.9294118 100 100 100 100 100 100 100.0458338 100.3046594 100.9294118 100 100 100 100 100 100 99.9907808 99.8447781 100.0431373 100.0107661 99.8449009 100.0431373 99.9754649 99.8693562 100.0352941 100.0230206 99.8774885 100.0352941 100 100 100 100 100 100 100 100 100 100 100 100 100 100 100 100 100 100
99.9999573 99.8637613 100.027451 99.9479915 100.0026275 100.0 99.9295578 100.1604246 100.9764706 99.909617 100.3073915 100.9372549 100.0565994 99.9999878 100.0 100.0718792 100.1577662 100.9568627 100.0810416 100.3046556 100.9215686 100.0030122 100.3020115 100.9215686 99.9617415 100.3046911 100.9215686 100 100 100 100 100 100 100.0458286 100.3046712 100.9215686 100 100 100 100 100 100 99.9907887 99.8447734 100.0352941 100.0107682 99.8449212 100.0352941 99.9740382 99.8693803 100.027451 100.0230102 99.8775068 100.027451 100 100 100 100 100 100 100 100 100 100 100 100 100 100 100 100 100 100
99.999956 99.8637343 100.0352941 99.9494042 100.002638 100.0078431 99.9295428 100.1604847 100.9843137 99.9096669 100.3101248 100.945098 100.0565949 99.9999777 100.0 100.0718463 100.160458 100.972549 100.079561 100.3019819 100.9294118 100.0030254 100.3019806 100.9294118 99.9632357 100.3019948 100.9294118 100 100 100 100 100 100 100.0443755 100.3046594 100.9294118 100 100 100 100 100 100 99.990794 99.8447406 100.0431373 100.0107681 99.8448862 100.0431373 99.9754536 99.869317 100.0352941 100.0230108 99.8774827 100.027451 100 100 100 100 100 100 100 100 100 100 100 100 100 100 100 100 100 100
100.0000174 99.8637453 100.027451 99.9480114 100.0026741 100.9960784 99.9296268 100.160508 100.9764706 99.9112442 100.3181807 100.9294118 100.0566002 99.9999481 100.0 100.0720368 100.1631588 100.9647059 100.0841456 100.3046435 100.9215686 100.0015866 100.301954 100.9215686 99.9618209 100.3019971 100.9215686 100 100 100 100 100 100 100.0443837 100.301973 100.9215686 100 100 100 100 100 100 99.9908585 99.8447585 100.0352941 100.0108181 99.8448997 100.0352941 99.974083 99.8693301 100.0352941 100.0230575 99.8775019 100.027451 100 100 100 100 100 100 100 100 100 100 100 100 100 100 100 100 100 100
100.0014437 99.8637875 100.027451 99.9494288 100.0027056 100.0 99.9310215 100.1632424 100.9764706 99.9127308 100.3209149 100.9294118 100.0565481 99.9999398 100.0 100.0749684 100.1523421 100.9568627 100.0886771 100.3019265 100.9215686 100.0045137 100.2993044 100.9215686 99.9647195 100.3019853 100.9215686 100 100 100 100 100 100 100.0473022 100.2993092 100.9215686 100 100 100 100 100 100 99.9922753 99.8448054 100.027451 100.0122366 99.8449764 100.027451 99.9754689 99.869377 100.027451 100.024449 99.8775671 100.027451 100 100 100 100 100 100 100 100 100 100 100 100 100 100 100 100 100 100
100.001451 99.8638127 100.027451 99.9494331 100.0027217 100.0 99.9310699 100.1631677 100.9764706 99.9142214 100.3209279 100.9294118 100.0565516 99.9999505 100.0 100.0795052 100.1523103 100.9568627 100.0948488 100.2993695 100.9215686 100.0045227 100.3047061 100.9215686 99.9647154 100.3047235 100.9215686 100 100 100 100 100 100 100.0473486 100.3074025 100.9215686 100 100 100 100 100 100 99.9922547 99.8448249 100.0352941 100.0122418 99.8449674 100.0352941 99.9754542 99.8693686 100.027451 100.0244507 99.8775435 100.0196078 100 100 100 100 100 100 100 100 100 100 100 100 100 100 100 100 100 100
100.0000232 99.8637989 100.027451 99.9494432 100.0053783 100.0078431 99.9325897 100.1658623 100.9921569 99.9142734 100.320914 100.945098 100.0565476 99.9973869 100.0 100.0840766 100.1523127 100.9647059 100.0994806 100.3019327 100.9294118 100.0030484 100.3047028 100.9294118 99.963281 100.3047452 100.9294118 100 100 100 100 100 100 100.0473302 100.3047409 100.9294118 100 100 100 100 100 100 99.9893001 99.8448174 100.0431373 100.0122119 99.8449633 100.0431373 99.9754127 99.8694173 100.027451 100.0244258 99.8748376 100.027451 100 100 100 100 100 100 100 100 100 100 100 100 100 100 100 100 100 100
100.0000043 99.8637572 100.0352941 99.949443 100.0054283 100.0078431 99.9311148 100.1658344 100.9843137 99.9143081 100.3209298 100.945098 100.055071 99.9973336 100.0 100.0841341 100.1495655 100.9647059 100.1025302 100.2965749 100.9372549 100.0045401 100.3046953 100.9294118 99.9632729 100.3074119 100.9294118 100 100 100 100 100 100 100.0473621 100.3020346 100.9294118 100 100 100 100 100 100 99.9892517 99.8448156 100.0431373 100.0121757 99.8449282 100.0431373 99.9740011 99.8720145 100.0352941 100.0244106 99.8774514 100.027451 100 100 100 100 100 100 100 100 100 100 100 100 100 100 100 100 100 100
99.9999872 99.8637957 100.0196078 99.9494369 100.0054402 100.0 99.9310911 100.1659993 100.9764706 99.9143135 100.3209412 100.9372549 100.0550664 99.9973077 100.0 100.0841728 100.1469279 100.9568627 100.1055987 100.2965562 100.9215686 100.0060633 100.3047516 100.9215686 99.9647493 100.3074623 100.9294118 100 100 100 100 100 100 100.047404 100.3020507 100.9215686 100 100 100 100 100 100 99.9878142 99.8448805 100.0352941 100.0107518 99.844981 100.0352941 99.973983 99.872139 100.027451 100.0229871 99.8775253 100.0196078 100 100 100 100 100 100 100 100 100 100 100 100 100 100 100 100 100 100
99.999964 99.8638039 100.0352941 99.9494432 100.0081111 100.0078431 99.932604 100.1658832 100.9921569 99.9143253 100.3210344 100.945098 100.0550564 99.9972875 100.0078431 100.084168 100.1468882 100.9647059 100.1070748 100.2938107 100.9294118 100.0045683 100.307423 100.9294118 99.9632757 100.3101377 100.9294118 100 100 100 100 100 100 100.0474106 100.3047583 100.9294118 100 100 100 100 100 100 99.9877926 99.844919 100.0431373 100.0107111 99.844961 100.0431373 99.9739623 99.8721307 100.0352941 100.0229691 99.8748553 100.027451 100 100 100 100 100 100 100 100 100 100 100 100 100 100 100 100 100 100
99.999964 99.8638039 100.027451 99.9494432 100.0081111 100.0078431 99.932604 100.1658832 100.9843137 99.9143253 100.3210344 100.945098 100.0550564 99.9972875 100.0078431 100.084168 100.1468882 100.9647059 100.1070748 100.2938107 100.9294118 100.0045683 100.307423 100.9294118 99.9632757 100.3101377 100.9294118 100 100 100 100 100 100 100.0474106 100.3047583 100.9294118 100 100 100 100 100 100 99.9877926 99.844919 100.0431373 100.0107111 99.844961 100.0431373 99.9739623 99.8721307 100.027451 100.0229691 99.8748553 100.0156863 100 100 100 100 100 100 100 100 100 100 100 100 100 100 100 100 100 100
