99.999908 99.8636975 100.0352941 99.9494313 100.0107284 100.0 99.934123 100.1684987 100.972549 99.9173175 100.3208764 100.9372549 100.0565486 99.9972829 100.0078431 100.0764653 100.1495928 100.9647059 100.0856089 100.30196 100.9294118 100.0075965 100.3019554 100.9294118 99.9678084 100.3019778 100.9294118 100 100 100 100 100 100 100.0473585 100.301939 100.9294118 100 100 100 100 100 100 99.9877444 99.8448549 100.0431373 100.0106646 99.8449045 100.0431373 99.9739238 99.877415 100.027451 100.0229306 99.8774509 100.027451 100 100 100 100 100 100 100 100 100 100 100 100 100 100 100 100 100 100
99.9999253 99.8610991 100.0352941 99.9494305 100.0081534 100.0078431 99.93413 100.1658902 100.972549 99.9188116 100.3182821 100.9372549 100.0550645 99.9947075 100.0 100.0779929 100.1497794 100.9647059 100.0857295 100.2993282 100.9294118 100.009081 100.2993655 100.9294118 99.9678313 100.2993837 100.9294118 100 100 100 100 100 100 100.0474163 100.2993727 100.9294118 100 100 100 100 100 100 99.9877504 99.8422538 100.0431373 100.0106831 99.8423008 100.0431373 99.9739422 99.8748339 100.027451 100.0229411 99.8775342 100.027451 100 100 100 100 100 100 100 100 100 100 100 100 100 100 100 100 100 100
99.9999332 99.8637071 100.027451 99.949435 100.0107339 100.9960784 99.9341169 100.1659087 100.9764706 99.9173494 100.3208972 100.9294118 100.0550545 99.9972872 100.0 100.0780088 100.1522759 100.9568627 100.0872528 100.299311 100.9215686 100.0076372 100.3046819 100.9215686 99.9693435 100.3073878 100.9215686 100 100 100 100 100 100 100.0474365 100.3046965 100.9215686 100 100 100 100 100 100 99.987763 99.8448574 100.0352941 100.0106822 99.8449145 100.0352941 99.9739467 99.8774139 100.0196078 100.022946 99.880108 100.0196078 100 100 100 100 100 100 100 100 100 100 100 100 100 100 100 100 100 100
99.9999424 99.8611952 100.027451 99.9494419 100.008071 100.0 99.9326407 100.1659241 100.9764706 99.9173364 100.3182854 100.9294118 100.0535703 99.9972928 100.0 100.0795408 100.1495984 100.9568627 100.0978769 100.2910817 100.9215686 100.0091455 100.3046578 100.9215686 99.9708719 100.3047015 100.9215686 100 100 100 100 100 100 100.0489113 100.3046616 100.9215686 100 100 100 100 100 100 99.9877665 99.8448343 100.0352941 100.0107022 99.8449273 100.0352941 99.9739552 99.8747388 100.027451 100.0229506 99.8801473 100.0196078 100 100 100 100 100 100 100 100 100 100 100 100 100 100 100 100 100 100
99.9999493 99.8637082 100.027451 99.9494459 100.0080279 100.0 99.9326184 100.1659084 100.9764706 99.9173615 100.3208644 100.9294118 100.0535649 99.9973015 100.0 100.0825911 100.1496224 100.9568627 100.1055854 100.2856183 100.9215686 100.0091458 100.3074052 100.9215686 99.9678689 100.3127953 100.9294118 100 100 100 100 100 100 100.0489257 100.3100752 100.9215686 100 100 100 100 100 100 99.987776 99.8448307 100.0352941 100.0106978 99.844902 100.0352941 99.9739585 99.8720824 100.0196078 100.0229487 99.8774176 100.0078431 100 100 100 100 100 100 100 100 100 100 100 100 100 100 100 100 100 100
99.9999491 99.8637074 100.027451 99.9494452 100.0053699 100.0 99.9326553 100.1632185 100.9764706 99.9173367 100.3182872 100.9372549 100.0535572 99.997327 100.0 100.0842023 100.1495153 100.9647059 100.1147624 100.2855993 100.9215686 100.009147 100.3073668 100.9294118 99.9693532 100.3101037 100.9215686 100 100 100 100 100 100 100.0489221 100.3046992 100.9294118 100 100 100 100 100 100 99.9877697 99.8448312 100.0352941 100.0106903 99.844897 100.0352941 99.9739331 99.8747078 100.0196078 100.0229258 99.874732 100.0196078 100 100 100 100 100 100 100 100 100 100 100 100 100 100 100 100 100 100
99.9999832 99.863767 100.027451 99.9480232 100.0080438 100.9960784 99.9296519 100.1658071 100.9647059 99.9158857 100.3208509 100.9294118 100.0505913 99.9972839 100.0 100.0934174 100.144127 100.9647059 100.1469442 100.2773948 100.9215686 100.0061735 100.3073972 100.9215686 99.9663641 100.3128012 100.9294118 100 100 100 100 100 100 100.0474547 100.3047062 100.9215686 100 100 100 100 100 100 99.9878033 99.8448447 100.0352941 100.0107332 99.8449546 100.0352941 99.9739427 99.8720108 100.0196078 100.0229492 99.8775004 100.0078431 100 100 100 100 100 100 100 100 100 100 100 100 100 100 100 100 100 100
100.000001 99.8637307 100.027451 99.9480234 100.0054188 100.0078431 99.9296447 100.1631754 100.9843137 99.9144269 100.3208884 100.9372549 100.0505818 99.9972995 100.0 100.0980058 100.13598 100.972549 100.1638374 100.2585346 100.945098 100.0061871 100.3019854 100.9294118 99.9663682 100.3046795 100.9294118 100 100 100 100 100 100 100.0474649 100.3019372 100.9294118 100 100 100 100 100 100 99.9878121 99.8448286 100.0431373 100.0107537 99.8449544 100.0431373 99.9725326 99.8720327 100.027451 100.0229443 99.8802098 100.0156863 100 100 100 100 100 100 100 100 100 100 100 100 100 100 100 100 100 100
99.9999969 99.8612804 100.0352941 99.9493949 100.005484 100.0078431 99.9295608 100.1632431 100.9843137 99.9158129 100.3183442 100.9372549 100.0519549 99.9972911 100.0 100.1071037 100.1279921 100.972549 100.1821002 100.2367071 100.9647059 100.0075829 100.2992894 100.9372549 99.9678111 100.2993562 100.9294118 100 100 100 100 100 100 100.0488579 100.2992517 100.9372549 100 100 100 100 100 100 99.9891886 99.8448982 100.0431373 100.0121434 99.8450136 100.0431373 99.9739218 99.8721648 100.027451 100.0229033 99.8802734 100.0156863 100 100 100 100 100 100 100 100 100 100 100 100 100 100 100 100 100 100
99.9999883 99.8612934 100.0352941 99.9493889 100.008163 100.0078431 99.9295138 100.1632167 100.9843137 99.9157472 100.3209727 100.9372549 100.0519793 99.9972367 100.0 100.1223462 100.114338 100.9843137 100.208074 100.1795984 100.9647059 100.0075799 100.3020101 100.9294118 99.9663041 100.3020774 100.9294118 100 100 100 100 100 100 100.0488868 100.2993294 100.9294118 100 100 100 100 100 100 99.9891845 99.8449043 100.0431373 100.0121267 99.8450444 100.0431373 99.9738817 99.8721078 100.027451 100.0228802 99.8828991 100.0156863 100 100 100 100 100 100 100 100 100 100 100 100 100 100 100 100 100 100
99.9999932 99.8638369 100.0352941 99.9479394 100.0081823 100.0 99.92809 100.1606096 100.972549 99.9143188 100.3184021 100.9372549 100.0505386 99.9972079 100.0 100.1254563 100.1035204 100.9843137 100.2188576 100.1498138 100.972549 100.0061089 100.30203 100.9294118 99.9663177 100.3021092 100.9372549 100 100 100 100 100 100 100.0488832 100.299382 100.9294118 100 100 100 100 100 100 99.9891959 99.8449271 100.0431373 100.0121452 99.8475972 100.0431373 99.973899 99.8721027 100.027451 100.0228704 99.8802782 100.0156863 100 100 100 100 100 100 100 100 100 100 100 100 100 100 100 100 100 100
99.9999578 99.8664206 100.0196078 99.94795 100.0107348 100.9960784 99.9281013 100.1630829 100.9843137 99.9142894 100.320867 100.9294118 100.0505353 99.9972124 100.0 100.1331431 100.1005074 100.9764706 100.221929 100.1303823 100.9647059 100.0075947 100.3073558 100.9215686 99.9663248 100.3101049 100.9215686 100 100 100 100 100 100 100.0489052 100.3073457 100.9215686 100 100 100 100 100 100 99.9877745 99.8475391 100.0352941 100.0107023 99.8501659 100.0352941 99.9724023 99.8773944 100.0196078 100.0213848 99.8828872 100.0078431 100 100 100 100 100 100 100 100 100 100 100 100 100 100 100 100 100 100
99.999962 99.8664293 100.027451 99.9479463 100.0108056 100.9960784 99.9281003 100.1631532 100.9647059 99.9142646 100.3208485 100.9294118 100.0505726 99.9971873 100.0 100.1362581 100.0868757 100.9764706 100.2326568 100.1059263 100.9764706 100.0061049 100.3073511 100.9215686 99.9663103 100.3101005 100.9294118 100 100 100 100 100 100 100.0488982 100.3073324 100.9215686 100 100 100 100 100 100 99.9877734 99.8475478 100.0352941 100.0107039 99.8476334 100.0352941 99.9724148 99.8747827 100.0196078 100.021383 99.882805 100.0078431 100 100 100 100 100 100 100 100 100 100 100 100 100 100 100 100 100 100
99.9999136 99.866488 100.0196078 99.9479164 100.0134597 100.9882353 99.9281076 100.1631265 100.9686275 99.9142445 100.3155178 100.9215686 100.0519981 99.9971561 100.0117647 100.1407819 100.0651236 100.9764706 100.2433188 100.0570553 100.9686275 100.0076026 100.3074056 100.9137255 99.9663028 100.3101236 100.9137255 100 100 100 100 100 100 100.0489248 100.3073867 100.9137255 100 100 100 100 100 100 99.9877402 99.8476438 100.027451 100.01064 99.8476963 100.027451 99.9709026 99.8774669 100.0196078 100.0198587 99.8828679 100.0 100 100 100 100 100 100 100 100 100 100 100 100 100 100 100 100 100 100
99.999895 99.8664856 100.0 99.9479287 100.0134829 100.9764706 99.9281083 100.1632069 100.9568627 99.9142299 100.318269 100.9098039 100.0519962 99.9971258 100.0 100.1453704 100.0570724 100.9568627 100.2448279 100.0380693 100.9647059 100.0060935 100.3073775 100.9019608 99.9648285 100.3101097 100.9019608 100 100 100 100 100 100 100.0488845 100.3073911 100.9019608 100 100 100 100 100 100 99.9877253 99.8476291 100.0156863 100.0106353 99.8477032 100.0156863 99.9708747 99.8774924 100.0 100.0198418 99.8829058 100.9921569 100 100 100 100 100 100 100 100 100 100 100 100 100 100 100 100 100 100
99.9984376 99.8665482 100.0078431 99.9479162 100.0135246 100.9764706 99.9295283 100.1659056 100.9568627 99.9142182 100.3209627 100.9019608 100.0519812 99.9971164 100.0 100.1468243 100.0435654 100.9647059 100.2448298 100.0190919 100.9921569 100.0045465 100.3020062 100.9019608 99.9662652 100.3020259 100.9019608 100 100 100 100 100 100 100.0473517 100.3020207 100.9019608 100 100 100 100 100 100 99.9876911 99.8476751 100.0156863 100.0105903 99.8502783 100.0156863 99.969346 99.880194 100.0 100.0183189 99.8829728 100.9921569 100 100 100 100 100 100 100 100 100 100 100 100 100 100 100 100 100 100
99.998449 99.8665597 100.0078431 99.9479304 100.0135727 100.9764706 99.9295944 100.1659458 100.945098 99.9143118 100.3210933 100.9019608 100.0519761 99.9945212 100.0 100.1483856 100.0326027 100.9764706 100.2433454 99.9971605 100.0 100.0045811 100.3047566 100.9019608 99.9648276 100.3074401 100.9019608 100 100 100 100 100 100 100.0474098 100.3047596 100.9019608 100 100 100 100 100 100 99.9877005 99.8476664 100.0156863 100.0091568 99.8477671 100.0156863 99.9693595 99.8775679 100.0078431 100.0183225 99.8829778 100.9921569 100 100 100 100 100 100 100 100 100 100 100 100 100 100 100 100 100 100
99.9984165 99.8665144 100.0 99.9478888 100.0135971 100.9686275 99.9295472 100.1686005 100.9372549 99.9157203 100.3210809 100.8941176 100.0519988 99.9945327 100.0 100.1467953 100.0245024 100.9764706 100.2447515 99.9808718 100.0078431 100.0060813 100.3101716 100.8941176 99.9662482 100.3128891 100.8941176 100 100 100 100 100 100 100.0488916 100.3128577 100.8941176 100 100 100 100 100 100 99.9876637 99.8476424 100.0078431 100.0091234 99.8477468 100.0078431 99.969321 99.8775681 100.0 100.0182859 99.885577 100.9843137 100 100 100 100 100 100 100 100 100 100 100 100 100 100 100 100 100 100
99.9970007 99.8665304 100.9960784 99.9464978 100.0136062 100.9686275 99.9281435 100.1687082 100.9372549 99.9143449 100.3210385 100.8941176 100.0506065 99.9945594 100.0 100.1470253 100.0216521 100.9764706 100.2373079 99.9755426 100.0078431 100.0061811 100.3101633 100.8941176 99.9648583 100.3102047 100.8941176 100 100 100 100 100 100 100.0474884 100.3102087 100.8941176 100 100 100 100 100 100 99.9862391 99.8476822 100.0 100.0077026 99.8477528 100.0 99.967902 99.88021 100.0 100.0168778 99.8829572 100.9764706 100 100 100 100 100 100 100 100 100 100 100 100 100 100 100 100 100 100
99.9984039 99.8640361 100.0 99.9479036 100.0136346 100.9686275 99.9310369 100.1687446 100.9490196 99.9158218 100.3238002 100.9019608 100.0519636 99.991914 100.0 100.1484008 100.0190379 100.9843137 100.235637 99.9673288 100.0078431 100.009117 100.3102165 100.8941176 99.9662864 100.310225 100.8941176 100 100 100 100 100 100 100.0489493 100.3102472 100.8941176 100 100 100 100 100 100 99.9876334 99.8477047 100.0 100.0091057 99.8477798 100.0 99.9678292 99.8803138 100.9960784 100.0182982 99.8830088 100.9843137 100 100 100 100 100 100 100 100 100 100 100 100 100 100 100 100 100 100
99.9970091 99.8640509 100.0 99.9464849 100.0136679 100.9686275 99.9296463 100.168766 100.9568627 99.9158511 100.3238272 100.9019608 100.0505882 99.9918645 100.0078431 100.1469903 100.0189425 100.9843137 100.2327754 99.9593055 100.0 100.0077089 100.3102709 100.8941176 99.9648817 100.3102731 100.8941176 100 100 100 100 100 100 100.0475513 100.3129684 100.8941176 100 100 100 100 100 100 99.986225 99.8477107 100.0078431 100.0077053 99.8477553 100.0078431 99.9664112 99.8803189 100.0 100.0168985 99.8830052 100.9843137 100 100 100 100 100 100 100 100 100 100 100 100 100 100 100 100 100 100
99.9983914 99.8665854 100.9960784 99.947885 100.0136885 100.9686275 99.9310789 100.1686989 100.9372549 99.9172803 100.3237335 100.9019608 100.0520081 99.9918278 100.0 100.1483865 100.0163706 100.9843137 100.234198 99.9566611 100.0 100.0075977 100.3102779 100.8941176 99.9662861 100.3102835 100.8941176 100 100 100 100 100 100 100.0489292 100.3156624 100.8941176 100 100 100 100 100 100 99.9876209 99.8477367 100.0078431 100.0076252 99.8477809 100.0078431 99.9678245 99.8802883 100.0 100.0182937 99.8803106 100.9843137 100 100 100 100 100 100 100 100 100 100 100 100 100 100 100 100 100 100
99.9983623 99.8665881 100.9960784 99.947881 100.0162884 100.9686275 99.9310973 100.168754 100.9372549 99.9173034 100.3238329 100.9019608 100.0520036 99.989183 100.0 100.1483833 100.0163126 100.9843137 100.2356531 99.9566092 100.0 100.0076166 100.3156937 100.8941176 99.9662797 100.3157108 100.8941176 100 100 100 100 100 100 100.048959 100.3184069 100.8941176 100 100 100 100 100 100 99.9862036 99.8477761 100.0 100.0075822 99.8478135 100.0 99.9678163 99.880296 100.0 100.016804 99.8829931 100.9843137 100 100 100 100 100 100 100 100 100 100 100 100 100 100 100 100 100 100
99.9968869 99.8666311 100.9960784 99.9478999 100.0136733 100.9686275 99.9310605 100.1687759 100.9372549 99.917303 100.3237942 100.9019608 100.0519844 99.9891802 100.0078431 100.148373 100.0163682 100.9843137 100.23419319999999 99.9566846 100.0 100.0091468 100.3102906 100.8941176 99.9678107 100.3103195 100.8941176 100 100 100 100 100 100 100.0489693 100.3129859 100.8941176 100 100 100 100 100 100 99.9861834 99.847796 100.0 100.0060735 99.8478344 100.0 99.9677808 99.8803208 100.0 100.0167777 99.8803633 100.9843137 100 100 100 100 100 100 100 100 100 100 100 100 100 100 100 100 100 100
99.9968752 99.8665786 100.9960784 99.946425 100.0162866 100.9686275 99.9310862 100.1687929 100.9490196 99.9158712 100.3211751 100.9019608 100.0519929 99.9891801 100.0078431 100.148391 100.016372 100.9960784 100.235649 99.959211 100.0 100.0076433 100.3129452 100.8941176 99.9663096 100.3129886 100.8941176 100 100 100 100 100 100 100.048983 100.3129808 100.8941176 100 100 100 100 100 100 99.9861842 99.8477502 100.0078431 100.0045992 99.8477927 100.0078431 99.9663621 99.880317 100.0 100.0153138 99.8803496 100.9843137 100 100 100 100 100 100 100 100 100 100 100 100 100 100 100 100 100 100
99.9953885 99.8665879 100.9960784 99.9464052 100.0162819 100.9686275 99.92961 100.1687514 100.9490196 99.9158091 100.3237803 100.8941176 100.0520123 99.98918 100.0 100.1469369 100.0164319 100.9843137 100.2356458 99.9593397 100.0 100.0091046 100.3129682 100.8941176 99.9662959 100.3129801 100.8941176 100 100 100 100 100 100 100.0489705 100.3129924 100.8941176 100 100 100 100 100 100 99.9861567 99.8477641 100.0078431 100.0045706 99.8477868 100.0078431 99.9663304 99.8803356 100.9960784 100.0152977 99.8776551 100.9843137 100 100 100 100 100 100 100 100 100 100 100 100 100 100 100 100 100 100
99.9953681 99.8640722 100.0 99.9478682 100.0136868 100.9568627 99.9295729 100.1687548 100.9372549 99.915733 100.32119 100.9019608 100.052003 99.9892022 100.0 100.1483869 100.018993 100.9764706 100.2356725 99.9700957 100.0078431 100.0091115 100.3130037 100.8941176 99.9662756 100.3156995 100.8941176 100 100 100 100 100 100 100.0489703 100.3156999 100.8941176 100 100 100 100 100 100 99.9861315 99.8477418 100.0078431 100.0045582 99.847785 100.0078431 99.966319 99.8803387 100.0 100.0153039 99.880302 100.9843137 100 100 100 100 100 100 100 100 100 100 100 100 100 100 100 100 100 100
99.995377 99.8640847 100.0 99.9478992 100.0136721 100.9686275 99.9295718 100.1687178 100.9490196 99.9157104 100.3212189 100.8941176 100.0519804 99.9865391 100.0 100.1483746 100.0191314 100.9843137 100.2371927 99.9754496 100.0078431 100.0106113 100.3130046 100.8941176 99.9663007 100.313037 100.8941176 100 100 100 100 100 100 100.050417 100.3130331 100.8941176 100 100 100 100 100 100 99.9861383 99.8477747 100.0078431 100.004556 99.8477974 100.0078431 99.9677764 99.8803274 100.9960784 100.0153011 99.8803618 100.9843137 100 100 100 100 100 100 100 100 100 100 100 100 100 100 100 100 100 100
99.9968599 99.8665858 100.9960784 99.9478914 100.013673 100.9686275 99.9295654 100.168666 100.9490196 99.9142887 100.3237395 100.8941176 100.0519679 99.9891855 100.0078431 100.1483906 100.0192272 100.9843137 100.2402403 99.9756055 100.0196078 100.0091474 100.3238219 100.8941176 99.967808 100.3238619 100.8941176 100 100 100 100 100 100 100.0489567 100.3238592 100.8941176 100 100 100 100 100 100 99.986162 99.8477672 100.0078431 100.0060521 99.847802 100.0078431 99.9677952 99.8803179 100.0 100.0167799 99.8803727 100.9764706 100 100 100 100 100 100 100 100 100 100 100 100 100 100 100 100 100 100
99.9969219 99.8639731 100.0 99.9479025 100.0136069 100.9686275 99.9295416 100.1685895 100.9490196 99.9142265 100.3211234 100.9019608 100.0519791 99.9944772 100.0 100.1468606 100.0272325 100.9686275 100.2433283 99.9890572 100.0 100.0091409 100.3102071 100.8941176 99.9663036 100.3129291 100.8941176 100 100 100 100 100 100 100.0489816 100.3128944 100.8941176 100 100 100 100 100 100 99.9876213 99.847633 100.0 100.0075815 99.847683 100.0 99.9678359 99.8802285 100.9960784 100.016822 99.880287 100.9843137 100 100 100 100 100 100 100 100 100 100 100 100 100 100 100 100 100 100
99.9983642 99.863959 100.9960784 99.9478788 100.0136144 100.9607843 99.9295265 100.1686942 100.9215686 99.914226 100.3211209 100.8862745 100.0519911 99.9944763 100.9960784 100.1468759 100.0353025 100.9607843 100.2447684 99.9973083 100.0 100.0091149 100.3101872 100.8862745 99.9662892 100.3129028 100.8862745 100 100 100 100 100 100 100.0489664 100.3102114 100.8862745 100 100 100 100 100 100 99.9876163 99.8476292 100.9960784 100.0075919 99.8476755 100.9960784 99.9693099 99.8775521 100.9960784 100.0182949 99.8802905 100.9764706 100 100 100 100 100 100 100 100 100 100 100 100 100 100 100 100 100 100
99.9984284 99.8639161 100.0 99.9479016 100.0135741 100.9686275 99.9295337 100.1685821 100.9490196 99.9142225 100.3236704 100.9019608 100.0519768 99.9945552 100.0 100.1453528 100.0408371 100.9686275 100.2432804 100.0108938 100.9843137 100.0076026 100.3047741 100.8941176 99.9662642 100.3074687 100.8941176 100 100 100 100 100 100 100.0489541 100.3074159 100.8941176 100 100 100 100 100 100 99.9876545 99.8475775 100.0078431 100.0091244 99.84762 100.0078431 99.9693451 99.8775324 100.0 100.0183195 99.8802417 100.9843137 100 100 100 100 100 100 100 100 100 100 100 100 100 100 100 100 100 100
99.9984374 99.8639342 100.0078431 99.947899 100.0134754 100.9764706 99.9295163 100.1685706 100.6627451 99.9142188 100.3236374 100.9098039 100.0519973 99.9971235 100.0 100.1438305 100.0598234 100.9647059 100.2432507 100.0434163 100.9647059 100.0090924 100.304708 100.9019608 99.9662844 100.3074069 100.9019608 100 100 100 100 100 100 100.0489505 100.3046981 100.9019608 100 100 100 100 100 100 99.9876783 99.8475638 100.0156863 100.0091388 99.8476497 100.0156863 99.9693363 99.8748246 100.0078431 100.0183158 99.8802457 100.9921569 100 100 100 100 100 100 100 100 100 100 100 100 100 100 100 100 100 100
99.9998807 99.8639099 100.0078431 99.9479073 100.0135036 100.9764706 99.9295374 100.1685023 100.945098 99.9142611 100.3236983 100.9098039 100.0505369 99.9971014 100.0 100.137756 100.065184 100.9647059 100.2387351 100.0625771 100.9647059 100.0091496 100.310075 100.9019608 99.9663397 100.3101218 100.9019608 100 100 100 100 100 100 100.0489725 100.3101041 100.9019608 100 100 100 100 100 100 99.9877052 99.8475428 100.0156863 100.0091686 99.847626 100.0156863 99.9708595 99.8747785 100.0 100.0183523 99.8801927 100.9843137 100 100 100 100 100 100 100 100 100 100 100 100 100 100 100 100 100 100
99.9998745 99.8638915 100.027451 99.9478931 100.0134522 100.9960784 99.9295491 100.168492 100.9764706 99.914267 100.3237099 100.9294118 100.0519679 99.9971448 100.0 100.136234 100.0760441 100.9843137 100.2340816 100.0843259 100.9843137 100.0091105 100.3047016 100.9215686 99.9663167 100.3073858 100.9215686 100 100 100 100 100 100 100.048947 100.3073559 100.9215686 100 100 100 100 100 100 99.9876987 99.847538 100.0352941 100.0091546 99.8475911 100.0352941 99.970884 99.8747725 100.0196078 100.0198262 99.8801412 100.0078431 100 100 100 100 100 100 100 100 100 100 100 100 100 100 100 100 100 100
99.9998709 99.8638647 100.0352941 99.9479239 100.0134278 100.0 99.9295702 100.1686039 100.9843137 99.914314 100.3236713 100.9372549 100.0505141 99.9971458 100.0078431 100.1255051 100.0924368 100.9843137 100.2203817 100.1332431 100.972549 100.0106298 100.3073146 100.9294118 99.969325 100.307371 100.9294118 100 100 100 100 100 100 100.0489907 100.3073379 100.9294118 100 100 100 100 100 100 99.9877121 99.8474811 100.0431373 100.0106088 99.8475572 100.0431373 99.9723875 99.8747164 100.027451 100.0198671 99.8801037 100.0156863 100 100 100 100 100 100 100 100 100 100 100 100 100 100 100 100 100 100
99.9998623 99.8613093 100.0352941 99.9479277 100.0108565 100.0 99.9295726 100.1659807 100.972549 99.9157178 100.321093 100.9372549 100.0505269 99.994688 100.0 100.1239637 100.1034829 100.9843137 100.2096667 100.1632245 100.972549 100.009129 100.3047716 100.9294118 99.9678063 100.3074858 100.9294118 100 100 100 100 100 100 100.048951 100.3048 100.9294118 100 100 100 100 100 100 99.9877036 99.8449428 100.0352941 100.0106107 99.8450159 100.0352941 99.9723974 99.8721756 100.027451 100.0213476 99.880254 100.0078431 100 100 100 100 100 100 100 100 100 100 100 100 100 100 100 100 100 100
99.9984424 99.8638298 100.027451 99.9479833 100.008189 100.0078431 99.9296261 100.1659134 100.9843137 99.9142794 100.3210199 100.9372549 100.0505725 99.9972289 100.0 100.1194311 100.1115526 100.9843137 100.1960199 100.1903938 100.9568627 100.0061751 100.3020855 100.9294118 99.9648575 100.3047943 100.9176471 100 100 100 100 100 100 100.047496 100.3020867 100.9294118 100 100 100 100 100 100 99.9862883 99.8449735 100.0431373 100.0091835 99.8450263 100.0431373 99.9724533 99.8721737 100.027451 100.0199334 99.8749084 100.0156863 100 100 100 100 100 100 100 100 100 100 100 100 100 100 100 100 100 100
99.9984702 99.8612962 100.0352941 99.9480015 100.0055195 100.0078431 99.9281512 100.1659935 100.9843137 99.9142899 100.3209906 100.9294118 100.0505788 99.9972489 100.0 100.1102648 100.1224058 100.972549 100.1852842 100.2150705 100.9647059 100.0076735 100.302071 100.9294118 99.9663507 100.3047748 100.9294118 100 100 100 100 100 100 100.0475026 100.3020568 100.9294118 100 100 100 100 100 100 99.986305 99.8449505 100.0431373 100.009213 99.8449791 100.0431373 99.9724638 99.8722006 100.027451 100.0214186 99.8775632 100.0156863 100 100 100 100 100 100 100 100 100 100 100 100 100 100 100 100 100 100
99.998455 99.8612399 100.0352941 99.9494271 100.0081116 100.0078431 99.9311238 100.1659181 100.972549 99.9142492 100.3183091 100.9372549 100.0520601 99.9972767 100.0 100.0994928 100.1305821 100.972549 100.1561595 100.2585921 100.9568627 100.0076675 100.3020428 100.9294118 99.9663195 100.3047537 100.9294118 100 100 100 100 100 100 100.0474888 100.3019972 100.9294118 100 100 100 100 100 100 99.9862816 99.8448733 100.0431373 100.0092096 99.8448632 100.0431373 99.9724754 99.8721231 100.027451 100.0229086 99.8721202 100.0156863 100 100 100 100 100 100 100 100 100 100 100 100 100 100 100 100 100 100
99.9984834 99.8612269 100.0352941 99.949452 100.0054537 100.0078431 99.9326542 100.1632741 100.9843137 99.9128314 100.3183327 100.9372549 100.0520753 99.9973 100.0 100.0933753 100.1306658 100.972549 100.1423709 100.2775171 100.9294118 100.0061354 100.3020616 100.9294118 99.964814 100.3047751 100.9294118 100 100 100 100 100 100 100.047443 100.3020166 100.9294118 100 100 100 100 100 100 99.9863025 99.8448542 100.0431373 100.0106298 99.8448381 100.0431373 99.9739091 99.8748167 100.027451 100.0229058 99.8720783 100.027451 100 100 100 100 100 100 100 100 100 100 100 100 100 100 100 100 100 100
99.9984773 99.8611225 100.0352941 99.9494431 100.0080709 100.0078431 99.9326243 100.1632272 100.972549 99.9127885 100.3183012 100.9372549 100.0535719 99.9972928 100.0 100.0872591 100.1441811 100.9647059 100.1285304 100.2938366 100.9294118 100.0075861 100.3019819 100.9294118 99.9647988 100.3020334 100.9294118 100 100 100 100 100 100 100.0474205 100.3019549 100.9294118 100 100 100 100 100 100 99.9876831 99.8448039 100.0431373 100.0106281 99.8447996 100.0431373 99.9739306 99.8747574 100.0352941 100.0229096 99.8720576 100.027451 100 100 100 100 100 100 100 100 100 100 100 100 100 100 100 100 100 100
99.9984349 99.8610611 100.027451 99.9480139 100.0080392 100.0 99.9311725 100.1658231 100.9647059 99.9113064 100.3182894 100.9372549 100.0551274 99.9973408 100.0 100.0796424 100.1523765 100.9647059 100.0995574 100.3155101 100.9215686 100.0061415 100.3019235 100.9215686 99.9648014 100.3019579 100.9215686 100 100 100 100 100 100 100.045983 100.3019502 100.9215686 100 100 100 100 100 100 99.9862758 99.8447283 100.0352941 100.0092046 99.8447324 100.0352941 99.9725191 99.8747239 100.027451 100.0215086 99.869395 100.0196078 100 100 100 100 100 100 100 100 100 100 100 100 100 100 100 100 100 100
99.9984386 99.8612103 100.0352941 99.9480188 100.0054092 100.0078431 99.9311395 100.1632544 100.9843137 99.911271 100.3209255 100.9372549 100.0551276 99.9973771 100.0 100.0749875 100.1551048 100.9647059 100.0887535 100.3182618 100.9294118 100.0045666 100.3019704 100.9294118 99.9632891 100.3020317 100.9294118 100 100 100 100 100 100 100.045872 100.3019952 100.9294118 100 100 100 100 100 100 99.9862972 99.8448483 100.0352941 100.0092058 99.8448541 100.0352941 99.9739346 99.8721057 100.0352941 100.0229035 99.8693889 100.0352941 100 100 100 100 100 100 100 100 100 100 100 100 100 100 100 100 100 100
99.9984481 99.8611446 100.027451 99.9479906 100.0054096 100.0 99.9311014 100.1658106 100.9764706 99.9112507 100.3209582 100.9294118 100.0565946 99.9998906 100.0 100.0719213 100.1550785 100.9568627 100.0825583 100.3208872 100.9215686 100.0045381 100.2992689 100.9215686 99.9632484 100.3019413 100.9215686 100 100 100 100 100 100 100.0443752 100.2992603 100.9215686 100 100 100 100 100 100 99.9877093 99.8447853 100.027451 100.0092134 99.8448256 100.027451 99.9739522 99.872054 100.027451 100.0228946 99.8694315 100.0196078 100 100 100 100 100 100 100 100 100 100 100 100 100 100 100 100 100 100
99.9984806 99.86119360000001 100.027451 99.9494013 100.0054173 100.0 99.9326341 100.1632743 100.9764706 99.911253 100.3210077 100.9372549 100.0566069 99.997391 100.0 100.0718901 100.1578232 100.9568627 100.0825588 100.3074329 100.9215686 100.0030564 100.3020265 100.9215686 99.9632727 100.3020345 100.9215686 100 100 100 100 100 100 100.0443647 100.3020375 100.9215686 100 100 100 100 100 100 99.9877614 99.8448147 100.027451 100.0106404 99.8448535 100.027451 99.9739715 99.8694539 100.027451 100.0229236 99.8721164 100.0196078 100 100 100 100 100 100 100 100 100 100 100 100 100 100 100 100 100 100
99.9985128 99.8612805 100.027451 99.9494073 100.0027991 100.0 99.9326429 100.1632874 100.9764706 99.9127235 100.3209547 100.9372549 100.0565908 99.9973972 100.0 100.0734267 100.1495809 100.9568627 100.0871878 100.3047839 100.9215686 100.0045647 100.2993384 100.9215686 99.9632746 100.2993371 100.9215686 100 100 100 100 100 100 100.0458571 100.3020184 100.9215686 100 100 100 100 100 100 99.9892389 99.8448375 100.027451 100.0107058 99.8449242 100.027451 99.973962 99.8694777 100.027451 100.0229469 99.8748451 100.0196078 100 100 100 100 100 100 100 100 100 100 100 100 100 100 100 100 100 100
99.9999355 99.8637741 100.0196078 99.9479904 100.0027599 100.0 99.9326365 100.163218 100.9764706 99.9127342 100.320934 100.9372549 100.0565913 99.9999471 100.0 100.0795446 100.1550941 100.9568627 100.0932952 100.3020803 100.9215686 100.0045657 100.3020499 100.9215686 99.9632447 100.3047033 100.9215686 100 100 100 100 100 100 100.0458893 100.3047422 100.9215686 100 100 100 100 100 100 99.9892772 99.8448305 100.027451 100.0107218 99.8449352 100.027451 99.9739819 99.8694419 100.0196078 100.0229517 99.8774999 100.0196078 100 100 100 100 100 100 100 100 100 100 100 100 100 100 100 100 100 100
99.9999686 99.8638115 100.027451 99.9494166 100.0027326 100.0 99.9326435 100.163217 100.9764706 99.9127825 100.3209597 100.9294118 100.0565786 99.9999557 100.0 100.0826605 100.1524166 100.9568627 100.0964874 100.2993706 100.9215686 100.0030777 100.2993291 100.9215686 99.9632722 100.3020015 100.9215686 100 100 100 100 100 100 100.0458557 100.2993038 100.9215686 100 100 100 100 100 100 99.9907851 99.8448318 100.0352941 100.0107622 99.84496 100.0352941 99.9740063 99.8694466 100.027451 100.0229873 99.877531 100.0196078 100 100 100 100 100 100 100 100 100 100 100 100 100 100 100 100 100 100
99.9999718 99.8638069 100.0352941 99.9494187 100.0027486 100.0078431 99.9326592 100.1605426 100.9843137 99.9127949 100.3208995 100.945098 100.0565788 99.9999221 100.0 100.0826855 100.149645 100.9647059 100.0994818 100.2993759 100.9294118 100.0030545 100.3046943 100.9294118 99.9632549 100.3047541 100.9294118 100 100 100 100 100 100 100.0458462 100.3047187 100.9294118 100 100 100 100 100 100 99.9893097 99.8448241 100.0431373 100.0107655 99.8449355 100.0431373 99.9739866 99.8694092 100.0352941 100.0229894 99.8775278 100.027451 100 100 100 100 100 100 100 100 100 100 100 100 100 100 100 100 100 100
99.9999973 99.8637918 100.027451 99.9480204 100.0053806 100.0 99.9326618 100.1632334 100.9647059 99.9128056 100.3183252 100.9372549 100.0565807 99.9999008 100.0 100.0827104 100.1469457 100.9647059 100.1025291 100.2991273 100.9215686 100.0030854 100.304673 100.9215686 99.9618026 100.3047401 100.9215686 100 100 100 100 100 100 100.0459089 100.3020091 100.9215686 100 100 100 100 100 100 99.9907904 99.844797 100.0352941 100.0107834 99.8449183 100.0352941 99.9740005 99.8693985 100.027451 100.022999 99.8774879 100.0196078 100 100 100 100 100 100 100 100 100 100 100 100 100 100 100 100 100 100
99.999994 99.863795 100.027451 99.9480231 100.0054129 100.0 99.9326387 100.1632328 100.9764706 99.9128159 100.3182614 100.9372549 100.055127 99.9998884 100.0 100.0826884 100.1467764 100.9568627 100.1040919 100.2964765 100.9215686 100.0046114 100.3019344 100.9215686 99.9633206 100.3019864 100.9215686 100 100 100 100 100 100 100.0459091 100.3019469 100.9215686 100 100 100 100 100 100 99.9893177 99.8447868 100.0352941 100.010781 99.8449517 100.0352941 99.9739889 99.8693884 100.027451 100.0229947 99.8775315 100.0196078 100 100 100 100 100 100 100 100 100 100 100 100 100 100 100 100 100 100
