100.0000141 99.8532217 100.0 99.9402864 99.997352 100.9921569 99.9143415 100.1578668 100.9843137 99.9051164 100.329184 100.9372549 100.0551593 100.0000459 100.0 100.0781432 100.1633474 100.945098 100.088871 100.3291928 100.9098039 99.9985183 100.3265742 100.9098039 99.9556501 100.323832 100.9176471 100 100 100 100 100 100 100.0383401 100.3292189 100.9098039 100 100 100 100 100 100 99.9878035 99.8448697 100.0078431 100.0092015 99.8367847 100.0078431 99.9724591 99.8721244 100.0078431 100.0259927 99.8666518 100.9921569 100 100 100 100 100 100 100 100 100 100 100 100 100 100 100 100 100 100
100.0000319 99.853247 100.0117647 99.940289 99.9973535 100.0 99.9143267 100.1579457 100.9960784 99.905125 100.3291679 100.9490196 100.0551612 100.0000579 100.0 100.0781352 100.1632609 100.9568627 100.0888846 100.3292343 100.9294118 99.9985167 100.3265354 100.9294118 99.9556614 100.3211338 100.9294118 100 100 100 100 100 100 100.0383399 100.3265479 100.9294118 100 100 100 100 100 100 99.9878171 99.844882 100.0196078 100.0092263 99.8368039 100.0196078 99.9724701 99.8721202 100.0196078 100.026009 99.8666367 100.0 100 100 100 100 100 100 100 100 100 100 100 100 100 100 100 100 100 100
100.0000695 99.8532651 100.0117647 99.9388597 99.9973681 100.0 99.9143517 100.1579005 100.0 99.9051297 100.32922 100.9490196 100.0551621 100.0000309 100.0 100.0781637 100.1687131 100.9411765 100.08889 100.3291868 100.9294118 99.998546 100.3238441 100.9294118 99.9557191 100.3184277 100.9294118 100 100 100 100 100 100 100.0383484 100.3238568 100.9294118 100 100 100 100 100 100 99.9878455 99.8448955 100.0196078 100.0092721 99.8368193 100.0196078 99.9710047 99.8721646 100.027451 100.0260319 99.8667431 100.0 100 100 100 100 100 100 100 100 100 100 100 100 100 100 100 100 100 100
100.0015055 99.8558128 100.0196078 99.9403073 99.9973821 100.0196078 99.9158197 100.1579449 100.0 99.9066078 100.3292029 100.9568627 100.0565996 100.0000492 100.0 100.0795951 100.1633791 100.9764706 100.0903148 100.3292316 100.9372549 100.0000056 100.3293342 100.9372549 99.9571214 100.3265993 100.9490196 100 100 100 100 100 100 100.0412586 100.3319908 100.9372549 100 100 100 100 100 100 99.9892906 99.8449046 100.027451 100.0107014 99.8368393 100.027451 99.9724566 99.8721464 100.0352941 100.0274688 99.8667098 100.0078431 100 100 100 100 100 100 100 100 100 100 100 100 100 100 100 100 100 100
100.0000393 99.8532633 100.0196078 99.9388499 99.9999733 100.0196078 99.9143659 100.1578879 100.0078431 99.9051413 100.329206 100.9568627 100.0551481 100.0000271 100.0 100.0781204 100.1660213 100.9568627 100.0887813 100.3291935 100.9372549 100.0000309 100.3265659 100.9372549 99.9571797 100.3211536 100.9490196 100 100 100 100 100 100 100.0397867 100.3265972 100.9372549 100 100 100 100 100 100 99.9878213 99.8448947 100.027451 100.0092263 99.8368036 100.027451 99.9724717 99.8721564 100.027451 100.0260034 99.8667134 100.0078431 100 100 100 100 100 100 100 100 100 100 100 100 100 100 100 100 100 100
100.0000473 99.8532313 100.0117647 99.938856 99.9999566 100.0117647 99.9157997 100.1578592 100.0 99.9051667 100.3292049 100.9490196 100.0551501 100.0000317 100.0 100.078168 100.168784 100.9137255 100.0873339 100.326582 100.9294118 100.0000375 100.3265343 100.9294118 99.9571908 100.3211301 100.9294118 100 100 100 100 100 100 100.0383779 100.3292314 100.9215686 100 100 100 100 100 100 99.9878343 99.8422579 100.0196078 100.0092337 99.8367873 100.0196078 99.9710005 99.8721391 100.027451 100.026009 99.8667071 100.0117647 100 100 100 100 100 100 100 100 100 100 100 100 100 100 100 100 100 100
100.0000208 99.8532597 100.0196078 99.9388413 99.9999746 100.0196078 99.9157866 100.1579071 100.0 99.9051548 100.3292169 100.9568627 100.0551549 100.0000002 100.0 100.0781271 100.1660578 100.9372549 100.087303 100.3211476 100.9372549 99.998542 100.3292792 100.9294118 99.9556969 100.323862 100.9372549 100 100 100 100 100 100 100.0383441 100.3319851 100.9294118 100 100 100 100 100 100 99.9878096 99.8422613 100.0352941 100.0077211 99.8367847 100.0352941 99.9709857 99.872136 100.0352941 100.0259834 99.8666999 100.0078431 100 100 100 100 100 100 100 100 100 100 100 100 100 100 100 100 100 100
100.0000032 99.8532124 100.0196078 99.938857 99.9999872 100.0196078 99.9158097 100.1578612 100.0 99.9051675 100.3291624 100.9568627 100.0551396 99.9999944 100.0 100.0781458 100.1660783 100.9490196 100.087278 100.3238334 100.9372549 100.0000278 100.3292829 100.9372549 99.9571829 100.3238694 100.9372549 100 100 100 100 100 100 100.0383747 100.3319758 100.9372549 100 100 100 100 100 100 99.987804 99.842232 100.027451 100.0077037 99.836775 100.027451 99.9709626 99.8721237 100.0352941 100.0245725 99.8666404 100.0078431 100 100 100 100 100 100 100 100 100 100 100 100 100 100 100 100 100 100
99.9999695 99.8532312 100.0 99.9402768 99.9999797 100.0 99.9157761 100.1579195 100.9843137 99.9051443 100.3266183 100.9372549 100.0551267 99.9999921 100.0 100.0781258 100.1660866 100.9294118 100.0872525 100.3265013 100.9176471 99.9999967 100.3265828 100.9176471 99.9571581 100.3211534 100.9098039 100 100 100 100 100 100 100.0383341 100.3293042 100.9176471 100 100 100 100 100 100 99.9877587 99.8422478 100.0078431 100.0061972 99.8367475 100.0078431 99.9694639 99.8721193 100.0156863 100.0245244 99.8640189 100.9921569 100 100 100 100 100 100 100 100 100 100 100 100 100 100 100 100 100 100
99.9999812 99.8532132 100.0117647 99.9403055 100.0000008 100.0 99.9172541 100.1579367 100.0 99.9066341 100.3292759 100.9490196 100.0551318 99.9999914 100.0 100.0795917 100.1687628 100.9411765 100.0887946 100.3291886 100.9294118 99.9999981 100.3319894 100.9294118 99.9571485 100.3292581 100.9490196 100 100 100 100 100 100 100.0397944 100.3320243 100.9294118 100 100 100 100 100 100 99.989224 99.8422454 100.027451 100.0076565 99.8367603 100.0196078 99.9709247 99.8721817 100.027451 100.025994 99.8639681 100.0117647 100 100 100 100 100 100 100 100 100 100 100 100 100 100 100 100 100 100
99.9999782 99.8531848 100.0196078 99.9403029 99.9999882 100.0196078 99.917258 100.1579041 100.0078431 99.9066243 100.329248 100.9568627 100.05514 100.0000018 100.0 100.0795769 100.1687465 100.9568627 100.088815 100.3266164 100.9372549 99.9999735 100.3265553 100.9372549 99.9571541 100.3211536 100.9372549 100 100 100 100 100 100 100.039772 100.3265793 100.9372549 100 100 100 100 100 100 99.9892125 99.8422252 100.027451 100.0076514 99.8341782 100.027451 99.9709118 99.8721809 100.0352941 100.0259825 99.861293 100.0078431 100 100 100 100 100 100 100 100 100 100 100 100 100 100 100 100 100 100
99.9984939 99.8531741 100.9960784 99.9403026 100.0000016 100.9960784 99.9172739 100.1579426 100.9764706 99.9066358 100.3292564 100.9294118 100.0566127 100.0000059 100.0 100.0795791 100.1687843 100.9215686 100.0903273 100.3291733 100.9098039 100.0000093 100.3292873 100.9098039 99.9571763 100.3265413 100.9019608 100 100 100 100 100 100 100.03982 100.3292847 100.9098039 100 100 100 100 100 100 99.9877561 99.8422296 100.0 100.007639 99.8341764 100.0 99.9709299 99.8721818 100.0078431 100.0259708 99.861307 100.9843137 100 100 100 100 100 100 100 100 100 100 100 100 100 100 100 100 100 100
99.9984769 99.8531446 100.0 99.9402954 100.000012 100.9921569 99.9172908 100.1579127 100.9921569 99.9066431 100.3292171 100.9372549 100.0551621 100.0000036 100.0 100.0795926 100.1686962 100.945098 100.0979865 100.329172 100.9176471 100.0000216 100.3292801 100.9176471 99.9571747 100.326537 100.9098039 100 100 100 100 100 100 100.0398099 100.3292465 100.9176471 100 100 100 100 100 100 99.9862743 99.8421993 100.0078431 100.0061862 99.8341593 100.0156863 99.9694669 99.8721584 100.0156863 100.0245302 99.8639343 100.0 100 100 100 100 100 100 100 100 100 100 100 100 100 100 100 100 100 100
99.9984785 99.8531395 100.0 99.9417847 100.0000073 100.0 99.9173615 100.1579394 100.9921569 99.9081233 100.3292162 100.9372549 100.0566238 100.0000107 100.0 100.0811294 100.1659875 100.9372549 100.1040595 100.3293395 100.9176471 100.0014858 100.3293183 100.9176471 99.9586469 100.3265602 100.9294118 100 100 100 100 100 100 100.0413201 100.3293008 100.9176471 100 100 100 100 100 100 99.9877495 99.8421878 100.0156863 100.0076674 99.8341517 100.0156863 99.9709326 99.8721257 100.0156863 100.0260017 99.86398 100.0 100 100 100 100 100 100 100 100 100 100 100 100 100 100 100 100 100 100
99.9969962 99.853138 100.9882353 99.9403415 100.0000275 100.9882353 99.9173655 100.1579477 100.9764706 99.9081378 100.3265993 100.9294118 100.0551966 99.9999758 100.0 100.0826832 100.1606435 100.9294118 100.1117751 100.3265387 100.9019608 100.0015532 100.3293446 100.9019608 99.9587186 100.3265996 100.9019608 100 100 100 100 100 100 100.0413707 100.3293215 100.9019608 100 100 100 100 100 100 99.9862669 99.8422231 100.9960784 100.0076666 99.8341812 100.9960784 99.9709394 99.8721545 100.0 100.0245387 99.8613217 100.9764706 100 100 100 100 100 100 100 100 100 100 100 100 100 100 100 100 100 100
99.9984879 99.8556914 100.0 99.9418246 100.0026546 100.9921569 99.9203328 100.1605772 100.9921569 99.9097013 100.3292124 100.9372549 100.0581838 100.0025837 100.0 100.0932665 100.15775 100.9372549 100.1315649 100.3156509 100.9098039 100.0015415 100.3319082 100.9176471 99.960193 100.3291881 100.9176471 100 100 100 100 100 100 100.0443132 100.3292121 100.9176471 100 100 100 100 100 100 99.9877509 99.8448504 100.0156863 100.0091991 99.8368104 100.0078431 99.9725146 99.8747946 100.0156863 100.0245089 99.8639529 100.0 100 100 100 100 100 100 100 100 100 100 100 100 100 100 100 100 100 100
99.9999426 99.8530652 100.0117647 99.9418139 100.0000933 100.0 99.9203539 100.1580083 100.9960784 99.9111815 100.3292185 100.9490196 100.0596301 99.9974102 100.0 100.0964102 100.1551332 100.9490196 100.1438603 100.3102921 100.9294118 100.0030339 100.3293461 100.9294118 99.9617043 100.3266179 100.9294118 100 100 100 100 100 100 100.0458178 100.3293192 100.9294118 100 100 100 100 100 100 99.9877705 99.8422445 100.027451 100.010644 99.8341798 100.0196078 99.9739741 99.8722623 100.027451 100.0244959 99.8586288 100.0 100 100 100 100 100 100 100 100 100 100 100 100 100 100 100 100 100 100
99.9985576 99.8556928 100.0117647 99.9418401 100.0026722 100.0 99.9188959 100.1606388 100.9960784 99.9112188 100.3318515 100.9490196 100.0582194 99.9999588 100.0 100.0994747 100.1442334 100.9568627 100.1546151 100.2938505 100.9294118 100.0030531 100.3319516 100.9294118 99.9617791 100.3292303 100.9294118 100 100 100 100 100 100 100.0444124 100.331929 100.9294118 100 100 100 100 100 100 99.9877713 99.8422139 100.027451 100.0106851 99.8367684 100.0196078 99.9739767 99.8748474 100.027451 100.0245188 99.8612325 100.0 100 100 100 100 100 100 100 100 100 100 100 100 100 100 100 100 100 100
99.9999621 99.8557088 100.0196078 99.9417816 100.0026733 100.0078431 99.9203057 100.1605672 100.0078431 99.9126377 100.3318846 100.9568627 100.059624 99.9973174 100.0078431 100.1085542 100.1415506 100.9568627 100.1713261 100.2884677 100.9372549 100.0045274 100.3319754 100.9372549 99.9632058 100.3292163 100.9372549 100 100 100 100 100 100 100.047296 100.3319736 100.9372549 100 100 100 100 100 100 99.9877554 99.8448578 100.0352941 100.0106966 99.8367847 100.027451 99.9753935 99.8748255 100.027451 100.0259291 99.8639287 100.0078431 100 100 100 100 100 100 100 100 100 100 100 100 100 100 100 100 100 100
99.9999422 99.8557493 100.0196078 99.9403217 100.0026766 100.0078431 99.9173296 100.1605726 100.0 99.9111866 100.3293202 100.9568627 100.0596372 99.9973146 100.0078431 100.1207872 100.1333738 100.9764706 100.2034927 100.2639598 100.9372549 100.0045382 100.3347077 100.9372549 99.9632412 100.3319898 100.9294118 100 100 100 100 100 100 100.0458999 100.3320386 100.9372549 100 100 100 100 100 100 99.9877152 99.8422672 100.027451 100.0106629 99.8367872 100.0196078 99.9739907 99.8749532 100.0352941 100.0245025 99.8613105 100.0078431 100 100 100 100 100 100 100 100 100 100 100 100 100 100 100 100 100 100
99.9999354 99.8557897 100.0392157 99.9403262 100.0026761 100.027451 99.9158292 100.1606221 100.0196078 99.9111329 100.3318773 100.9764706 100.0596188 99.9973089 100.027451 100.1239299 100.1224917 100.9843137 100.2111923 100.2368162 100.9686275 100.0030632 100.3320582 100.9568627 99.9632368 100.3319568 100.9568627 100 100 100 100 100 100 100.0458732 100.3320196 100.9568627 100 100 100 100 100 100 99.9876953 99.8449295 100.054902 100.0106598 99.8368198 100.0392157 99.9739632 99.8749749 100.0470588 100.0244998 99.861326 100.0392157 100 100 100 100 100 100 100 100 100 100 100 100 100 100 100 100 100 100
99.9999627 99.8557908 100.0196078 99.9403064 100.0026552 100.0196078 99.9157929 100.1606071 100.0196078 99.9096699 100.3318625 100.9686275 100.0596314 99.9973005 100.0 100.1331471 100.1170201 100.9686275 100.2203733 100.2068395 100.9607843 100.0030879 100.3320162 100.9490196 99.9632782 100.3292687 100.9411765 100 100 100 100 100 100 100.0458995 100.3319948 100.9490196 100 100 100 100 100 100 99.98771 99.8422545 100.0392157 100.0106767 99.8368017 100.0392157 99.9739711 99.874893 100.0470588 100.0244951 99.861269 100.0196078 100 100 100 100 100 100 100 100 100 100 100 100 100 100 100 100 100 100
99.9999823 99.8612236 100.0 99.9389072 100.0053739 100.0 99.9143701 100.1659748 100.9960784 99.9066925 100.3373144 100.9490196 100.0567128 99.9972243 100.0 100.142383 100.1006294 100.9764706 100.2403787 100.1659991 100.9568627 100.0031153 100.3374179 100.9294118 99.9633445 100.3373559 100.9215686 100 100 100 100 100 100 100.0444583 100.3373939 100.9294118 100 100 100 100 100 100 99.9863353 99.8503075 100.0196078 100.0106976 99.8422152 100.0117647 99.9739663 99.8803574 100.0196078 100.0245116 99.8693648 100.0 100 100 100 100 100 100 100 100 100 100 100 100 100 100 100 100 100 100
99.9999982 99.8612991 100.0196078 99.9403026 100.0054079 100.0078431 99.9157727 100.1660509 100.0 99.9066217 100.3373175 100.9568627 100.0580964 99.9972379 100.9921569 100.1468921 100.0952346 100.9764706 100.2464161 100.1415328 100.9764706 100.0045304 100.3400843 100.9372549 99.9647516 100.3374118 100.9294118 100 100 100 100 100 100 100.0458612 100.3374282 100.9372549 100 100 100 100 100 100 99.9877247 99.852979 100.027451 100.0106911 99.8422717 100.027451 99.9739376 99.8828816 100.027451 100.0259071 99.8667258 100.0078431 100 100 100 100 100 100 100 100 100 100 100 100 100 100 100 100 100 100
99.9999795 99.8613282 100.9882353 99.9402999 100.0054693 100.9764706 99.9157701 100.166148 100.9686275 99.9066226 100.3373319 100.9215686 100.0566006 99.9946421 100.0196078 100.1484332 100.0788417 100.9686275 100.2509719 100.117077 100.9490196 100.0045611 100.3401165 100.9019608 99.9647825 100.3374447 100.8941176 100 100 100 100 100 100 100.0458789 100.3374772 100.9019608 100 100 100 100 100 100 99.9877085 99.8530211 100.9960784 100.0106637 99.8423234 100.9882353 99.9739202 99.88295 100.9960784 100.0245072 99.8693939 100.9764706 100 100 100 100 100 100 100 100 100 100 100 100 100 100 100 100 100 100
99.9999487 99.864056 100.9490196 99.9402573 100.0081821 100.9490196 99.9157372 100.1713944 100.9490196 99.9080767 100.3400077 100.8941176 100.0581016 99.9946785 100.9960784 100.1529992 100.0571733 100.9294118 100.2585742 100.0761671 100.9137255 100.00454 100.3428407 100.8745098 99.9647788 100.342836 100.8666667 100 100 100 100 100 100 100.0458447 100.3428303 100.8745098 100 100 100 100 100 100 99.9876825 99.8530899 100.9686275 100.0106436 99.8475948 100.9607843 99.9738565 99.883078 100.9686275 100.0244729 99.8721336 100.9411765 100 100 100 100 100 100 100 100 100 100 100 100 100 100 100 100 100 100
99.9985323 99.8640571 100.9490196 99.9388263 100.0081921 100.9372549 99.9143116 100.1713864 100.9294118 99.9066881 100.3400027 100.8823529 100.0582174 99.9946849 100.0078431 100.1546284 100.040834 100.9372549 100.2571671 100.0543307 100.9372549 100.0031045 100.3428634 100.8627451 99.9633202 100.3428293 100.8627451 100 100 100 100 100 100 100.0444213 100.3428537 100.8627451 100 100 100 100 100 100 99.9862597 99.8557101 100.9568627 100.0092236 99.8475921 100.9490196 99.9709957 99.8830932 100.9568627 100.0230527 99.8748537 100.9372549 100 100 100 100 100 100 100 100 100 100 100 100 100 100 100 100 100 100
99.9985326 99.8641153 100.9294118 99.9388255 100.0082175 100.9411765 99.9143291 100.1688623 100.9215686 99.9066893 100.3400662 100.8745098 100.0582325 99.9946757 100.0078431 100.156158 100.0354326 100.0 100.2571293 100.0327079 100.0078431 100.0031169 100.3429351 100.854902 99.9633383 100.3429087 100.854902 100 100 100 100 100 100 100.044436 100.3456032 100.854902 100 100 100 100 100 100 99.9862587 99.8557637 100.9490196 100.0092205 99.8476505 100.9411765 99.9709854 99.883118 100.9490196 100.0230416 99.8748403 100.9294118 100 100 100 100 100 100 100 100 100 100 100 100 100 100 100 100 100 100
99.9985181 99.8667199 100.9215686 99.9387963 100.0134226 100.9215686 99.9143317 100.171423 100.9215686 99.9066627 100.3426773 100.8666667 100.0596584 99.9971917 100.9960784 100.1576925 100.0243486 100.0117647 100.2555938 100.0162798 100.0196078 100.0030964 100.3508867 100.8392157 99.9632911 100.3509048 100.8392157 100 100 100 100 100 100 100.0444215 100.3508845 100.8392157 100 100 100 100 100 100 99.9862442 99.8583513 100.9411765 100.0092115 99.8502521 100.9333333 99.9709565 99.8856943 100.9411765 100.0230232 99.877477 100.9137255 100 100 100 100 100 100 100 100 100 100 100 100 100 100 100 100 100 100
99.9985189 99.8693159 100.9098039 99.9387823 100.0134886 100.9098039 99.9142654 100.1740631 100.8901961 99.9096724 100.3428211 100.8470588 100.0596752 99.9971725 100.0 100.1576222 100.0108004 100.0078431 100.2494604 99.975426 100.9372549 100.0030404 100.345581 100.827451 99.9632366 100.348226 100.827451 100 100 100 100 100 100 100.0443953 100.3482268 100.827451 100 100 100 100 100 100 99.9862469 99.8584817 100.9294118 100.0092064 99.852984 100.9215686 99.9723946 99.8857284 100.9294118 100.0230001 99.8774852 100.9098039 100 100 100 100 100 100 100 100 100 100 100 100 100 100 100 100 100 100
99.9985299 99.8719614 100.9098039 99.9387936 100.0160821 100.9098039 99.9142849 100.1741336 100.9019608 99.9096967 100.3453915 100.854902 100.0596552 99.9971766 100.9921569 100.1545714 99.9999111 100.9921569 100.2464571 99.9617534 100.9294118 100.003089 100.3481509 100.8352941 99.9632752 100.3481005 100.8470588 100 100 100 100 100 100 100.0459044 100.3481739 100.8352941 100 100 100 100 100 100 99.9862563 99.8610835 100.9294118 100.0106329 99.8556072 100.9215686 99.9723909 99.888331 100.9294118 100.0230212 99.8801186 100.9019608 100 100 100 100 100 100 100 100 100 100 100 100 100 100 100 100 100 100
99.9985368 99.8694314 100.9098039 99.9387754 100.0136051 100.9098039 99.9142663 100.1741977 100.9098039 99.9096597 100.3428663 100.854902 100.0596685 99.994634 100.0 100.1515325 99.9945805 100.0 100.2449228 99.9509967 100.9215686 100.0045772 100.3456562 100.8352941 99.9633056 100.3456203 100.8352941 100 100 100 100 100 100 100.0459133 100.3483165 100.8352941 100 100 100 100 100 100 99.9862722 99.8585481 100.9294118 100.0106462 99.8530635 100.9215686 99.9724084 99.8857818 100.9294118 100.0230261 99.8749186 100.9098039 100 100 100 100 100 100 100 100 100 100 100 100 100 100 100 100 100 100
99.9999699 99.871982 100.9490196 99.9387991 100.0161242 100.9372549 99.9142928 100.1767221 100.9490196 99.9097239 100.3454117 100.8823529 100.0582081 99.9971523 100.0 100.1485365 99.9943239 100.0 100.2434419 99.9372466 100.9647059 100.0030774 100.3481092 100.854902 99.9633131 100.3454274 100.854902 100 100 100 100 100 100 100.0444305 100.3481488 100.854902 100 100 100 100 100 100 99.9863209 99.8611027 100.9568627 100.0106989 99.8556304 100.9490196 99.9724471 99.8882969 100.9568627 100.0244473 99.880121 100.9372549 100 100 100 100 100 100 100 100 100 100 100 100 100 100 100 100 100 100
99.9999999 99.8720852 100.9215686 99.9388 100.0161842 100.9333333 99.914326 100.1742172 100.9137255 99.9097378 100.3454766 100.8666667 100.0596529 99.9971238 100.9960784 100.1500151 99.9782064 100.9607843 100.2387865 99.9183645 100.9333333 100.0046093 100.3455414 100.8470588 99.9633606 100.3455154 100.8470588 100 100 100 100 100 100 100.0459199 100.3455346 100.8470588 100 100 100 100 100 100 99.9877339 99.8612053 100.9411765 100.0107491 99.8557775 100.9215686 99.9724768 99.8883715 100.9411765 100.0244578 99.8829548 100.9215686 100 100 100 100 100 100 100 100 100 100 100 100 100 100 100 100 100 100
100.0000206 99.8721144 100.9372549 99.9387911 100.0162201 100.9490196 99.9143147 100.1768325 100.9294118 99.9112106 100.3455211 100.8823529 100.058203 99.9945457 100.0078431 100.1515601 99.9755162 100.9764706 100.2342052 99.9129895 100.9568627 100.0046534 100.3455125 100.8627451 99.9648241 100.3455068 100.8627451 100 100 100 100 100 100 100.0459529 100.3454999 100.8627451 100 100 100 100 100 100 99.9877768 99.8611933 100.9568627 100.0107801 99.8584369 100.9490196 99.9724817 99.8883134 100.9568627 100.0244788 99.8829425 100.9372549 100 100 100 100 100 100 100 100 100 100 100 100 100 100 100 100 100 100
100.0000452 99.8721737 100.9372549 99.9387853 100.0162488 100.9490196 99.9143209 100.1768092 100.9294118 99.9112347 100.3455842 100.8823529 100.0582036 99.9945134 100.0 100.1485647 99.9754379 100.9843137 100.2341996 99.9102416 100.9490196 100.0061689 100.3400742 100.8627451 99.9648365 100.34004469999999 100.854902 100 100 100 100 100 100 100.0474442 100.3400903 100.8627451 100 100 100 100 100 100 99.9878091 99.8612105 100.9490196 100.0108285 99.8611497 100.9372549 99.9725111 99.8882826 100.9568627 100.0244923 99.8856108 100.9372549 100 100 100 100 100 100 100 100 100 100 100 100 100 100 100 100 100 100
100.0015203 99.8747871 100.9490196 99.938764 100.0163016 100.9490196 99.915742 100.1768642 100.9372549 99.9127009 100.3456052 100.8823529 100.0596044 99.9944646 100.0 100.1499457 99.9727523 100.9568627 100.2341287 99.9073835 100.9294118 100.0075984 100.3482299 100.8627451 99.9662545 100.3482442 100.8627451 100 100 100 100 100 100 100.0488707 100.3482213 100.8627451 100 100 100 100 100 100 99.9892945 99.8611896 100.9568627 100.0136932 99.8638418 100.9372549 99.9753881 99.8882647 100.9568627 100.025927 99.8857277 100.9372549 100 100 100 100 100 100 100 100 100 100 100 100 100 100 100 100 100 100
100.0015713 99.8748412 100.9372549 99.9387764 100.0163305 100.9372549 99.9157571 100.1795655 100.9294118 99.9127251 100.3456754 100.8823529 100.0580965 99.9918432 100.9921569 100.1484636 99.9728114 100.9764706 100.2340894 99.9074042 100.9372549 100.007615 100.3455968 100.8627451 99.9662851 100.3455618 100.854902 100 100 100 100 100 100 100.0488748 100.3455811 100.8627451 100 100 100 100 100 100 99.990761 99.8612734 100.9490196 100.0137362 99.8639064 100.9490196 99.9754138 99.8857566 100.9568627 100.0259536 99.8883272 100.9372549 100 100 100 100 100 100 100 100 100 100 100 100 100 100 100 100 100 100
100.001583 99.8748 100.9333333 99.9387867 100.0163176 100.9333333 99.9157887 100.1769056 100.9137255 99.9127264 100.3456546 100.8588235 100.058115 99.9918651 100.9960784 100.1484705 99.972821 100.9607843 100.232672 99.9074134 100.9137255 100.007606 100.3455372 100.8470588 99.9648169 100.3455348 100.8392157 100 100 100 100 100 100 100.0488904 100.3455119 100.8470588 100 100 100 100 100 100 99.9907911 99.8612353 100.9411765 100.0137589 99.8638865 100.9333333 99.9754303 99.8857534 100.9411765 100.025965 99.888338 100.9215686 100 100 100 100 100 100 100 100 100 100 100 100 100 100 100 100 100 100
100.0030179 99.8721931 100.9411765 99.9387781 100.0163088 100.9294118 99.915762 100.1769515 100.9098039 99.9112246 100.3456023 100.8745098 100.0581145 99.9944915 100.0 100.1499811 99.9728189 100.9686275 100.2341276 99.910079 100.9294118 100.0060894 100.345494 100.854902 99.9648226 100.3428207 100.8666667 100 100 100 100 100 100 100.0474188 100.3428465 100.854902 100 100 100 100 100 100 99.990833 99.8611479 100.9490196 100.0137704 99.8638601 100.9294118 99.9754266 99.8856742 100.9490196 100.0259585 99.8883405 100.9294118 100 100 100 100 100 100 100 100 100 100 100 100 100 100 100 100 100 100
100.0015984 99.8721895 100.9333333 99.9387789 100.0163264 100.9215686 99.9157966 100.1768477 100.9137255 99.9126805 100.345642 100.8666667 100.0566355 99.9918678 100.9882353 100.1484932 99.9755102 100.9686275 100.23413 99.9102839 100.9137255 100.0076034 100.3455692 100.8470588 99.9662873 100.3428741 100.8470588 100 100 100 100 100 100 100.047436 100.3455583 100.8470588 100 100 100 100 100 100 99.9908312 99.8585377 100.9411765 100.0137737 99.8638535 100.9333333 99.9754457 99.8856765 100.9411765 100.0259698 99.888311 100.9215686 100 100 100 100 100 100 100 100 100 100 100 100 100 100 100 100 100 100
100.0015958 99.8721233 100.9411765 99.9387823 100.01886 100.9294118 99.9157854 100.1768599 100.9215686 99.9112081 100.3456104 100.8745098 100.0581481 99.9944483 100.9960784 100.1484996 99.9754999 100.9764706 100.2341249 99.9129215 100.9294118 100.0046033 100.3428073 100.854902 99.9648176 100.3401008 100.854902 100 100 100 100 100 100 100.0473995 100.3427955 100.854902 100 100 100 100 100 100 99.990853 99.8584476 100.9490196 100.0137706 99.8638513 100.9411765 99.9754428 99.8855955 100.9490196 100.0259696 99.8883272 100.9411765 100 100 100 100 100 100 100 100 100 100 100 100 100 100 100 100 100 100
100.0015985 99.8720745 100.9333333 99.9387893 100.0188307 100.9215686 99.9157622 100.1795195 100.9215686 99.9112103 100.3455836 100.8666667 100.058114 99.9944667 100.0 100.1484798 99.9780863 100.9764706 100.2341385 99.9155982 100.9215686 100.0061134 100.3400812 100.8470588 99.9648359 100.3373608 100.8470588 100 100 100 100 100 100 100.0474539 100.3400792 100.8470588 100 100 100 100 100 100 99.990839 99.8584237 100.9411765 100.013776 99.863821 100.9215686 99.9754492 99.885615 100.9411765 100.0259673 99.88834 100.9215686 100 100 100 100 100 100 100 100 100 100 100 100 100 100 100 100 100 100
100.0015986 99.8720047 100.9490196 99.9387858 100.0188574 100.9490196 99.915802 100.1768719 100.9294118 99.911212 100.3455494 100.8823529 100.0566542 99.9944894 100.0 100.1484863 99.9782914 100.9843137 100.2342382 99.9290906 100.9568627 100.0046172 100.3454723 100.8627451 99.964801 100.345453 100.854902 100 100 100 100 100 100 100.0474331 100.3454532 100.8627451 100 100 100 100 100 100 99.9908517 99.8557526 100.9647059 100.0137761 99.8637871 100.9490196 99.975455 99.8855722 100.9568627 100.0259798 99.8883836 100.9372549 100 100 100 100 100 100 100 100 100 100 100 100 100 100 100 100 100 100
100.0016064 99.8694903 100.9490196 99.9388075 100.0188743 100.9490196 99.9158164 100.1768666 100.9294118 99.9097198 100.345542 100.8823529 100.0581448 99.9944773 100.0 100.1484581 99.9809269 100.9921569 100.2342654 99.9318861 100.9647059 100.0046134 100.3482025 100.8627451 99.9648066 100.3455517 100.854902 100 100 100 100 100 100 100.0474294 100.3481907 100.8627451 100 100 100 100 100 100 99.9908562 99.8557254 100.9568627 100.0137891 99.8637872 100.9490196 99.9754608 99.8829566 100.9568627 100.0259888 99.8884065 100.9372549 100 100 100 100 100 100 100 100 100 100 100 100 100 100 100 100 100 100
100.0015931 99.869455 100.9411765 99.9387945 100.0188939 100.9411765 99.9157952 100.1795172 100.9215686 99.909726 100.3455365 100.8745098 100.0581491 99.9944951 100.0 100.1484862 99.9809714 100.9960784 100.2342621 99.9345247 100.9568627 100.0046322 100.3454976 100.854902 99.9648417 100.3427842 100.854902 100 100 100 100 100 100 100.0474309 100.3455169 100.854902 100 100 100 100 100 100 99.9908379 99.8556802 100.9490196 100.0137828 99.861143 100.9411765 99.9754599 99.8829788 100.9568627 100.0259912 99.8883439 100.9411765 100 100 100 100 100 100 100 100 100 100 100 100 100 100 100 100 100 100
100.0016067 99.8694531 100.9490196 99.9388021 100.0188913 100.9372549 99.9158336 100.1769107 100.9372549 99.9082171 100.3456035 100.8823529 100.0566647 99.9944973 100.9921569 100.1484898 99.9862936 100.9921569 100.2357289 99.9347573 100.9568627 100.003127 100.3482441 100.8627451 99.9647964 100.348192 100.8627451 100 100 100 100 100 100 100.0459595 100.3482558 100.8627451 100 100 100 100 100 100 99.9908529 99.8557015 100.9568627 100.0137912 99.8611819 100.9490196 99.9754749 99.8829783 100.9647059 100.0259931 99.8884932 100.9490196 100 100 100 100 100 100 100 100 100 100 100 100 100 100 100 100 100 100
100.0016033 99.8693886 100.9607843 99.9388003 100.0189114 100.9490196 99.9158149 100.1822142 100.9411765 99.9081721 100.3455324 100.8941176 100.0566573 99.9944833 100.9960784 100.1484437 99.9863601 100.9960784 100.2357081 99.9373787 100.9764706 100.0031248 100.3455448 100.8745098 99.9648171 100.345472 100.8745098 100 100 100 100 100 100 100.0459544 100.3455382 100.8745098 100 100 100 100 100 100 99.9908591 99.8530582 100.9686275 100.0137833 99.8610832 100.9607843 99.9754772 99.8855747 100.9764706 100.0259918 99.8884244 100.9607843 100 100 100 100 100 100 100 100 100 100 100 100 100 100 100 100 100 100
100.0016067 99.8694078 100.9490196 99.9388179 100.018943 100.9490196 99.915851 100.1795132 100.9372549 99.9067111 100.3455906 100.8823529 100.056667 99.9944416 100.0 100.1470305 99.9917285 100.0078431 100.2342808 99.9427614 100.9568627 100.0031342 100.3509408 100.8627451 99.9647928 100.3482557 100.854902 100 100 100 100 100 100 100.0474395 100.3509502 100.8627451 100 100 100 100 100 100 99.9908717 99.8530443 100.9568627 100.0137916 99.8611075 100.9490196 99.9754864 99.8829495 100.9647059 100.026006 99.8884432 100.9490196 100 100 100 100 100 100 100 100 100 100 100 100 100 100 100 100 100 100
100.0016225 99.8693813 100.9686275 99.9388229 100.0189339 100.9607843 99.9158806 100.1794529 100.9294118 99.9082093 100.3480918 100.8941176 100.0551678 99.994428 100.0117647 100.1470366 99.9917784 100.0117647 100.2343098 99.9481674 100.9764706 100.0031441 100.3482463 100.8745098 99.9647947 100.3481692 100.8666667 100 100 100 100 100 100 100.0474492 100.3508958 100.8745098 100 100 100 100 100 100 99.9908886 99.8530063 100.9686275 100.0138153 99.8610931 100.9607843 99.9754961 99.8855214 100.9764706 100.0260155 99.8884387 100.9607843 100 100 100 100 100 100 100 100 100 100 100 100 100 100 100 100 100 100
100.0016277 99.8693312 100.9686275 99.938833 100.0189326 100.9411765 99.9159105 100.1795104 100.9490196 99.9097455 100.3454964 100.8941176 100.0551556 99.9944013 100.0 100.1470342 99.9970091 100.0 100.2373087 99.9535121 100.9764706 100.0046344 100.3481296 100.8745098 99.9648501 100.3454572 100.8666667 100 100 100 100 100 100 100.0474669 100.348129 100.8745098 100 100 100 100 100 100 99.9908909 99.8529817 100.9686275 100.0138094 99.8610833 100.9607843 99.975501 99.8855149 100.9764706 100.0260176 99.890919 100.9490196 100 100 100 100 100 100 100 100 100 100 100 100 100 100 100 100 100 100
100.0016189 99.8668012 100.9607843 99.9388203 100.0163807 100.9686275 99.9159017 100.179587 100.9294118 99.9112639 100.345509 100.8941176 100.0566751 99.9944471 100.0 100.1470381 99.9946126 100.0 100.2358025 99.9511702 100.9764706 100.0031703 100.3428972 100.8745098 99.9648458 100.3428346 100.8745098 100 100 100 100 100 100 100.0459801 100.3428834 100.8745098 100 100 100 100 100 100 99.990876 99.8504459 100.9686275 100.0138038 99.8585347 100.9607843 99.9754843 99.8829523 100.9764706 100.026017 99.888372 100.9490196 100 100 100 100 100 100 100 100 100 100 100 100 100 100 100 100 100 100
100.0016451 99.8668115 100.9490196 99.9388503 100.0163765 100.9372549 99.9159463 100.1768796 100.9372549 99.9113111 100.3456426 100.8823529 100.0536875 99.991906 100.0 100.1470677 99.9971984 100.0 100.2388332 99.9537771 100.9764706 100.0046501 100.3429157 100.8627451 99.964863 100.3428726 100.8627451 100 100 100 100 100 100 100.046008 100.3428869 100.8627451 100 100 100 100 100 100 99.9908963 99.8530646 100.9568627 100.0138193 99.8585492 100.9490196 99.9755149 99.8829768 100.9647059 100.0260355 99.8883831 100.9294118 100 100 100 100 100 100 100 100 100 100 100 100 100 100 100 100 100 100
100.0016451 99.8668115 100.9333333 99.9388503 100.0163765 100.9411765 99.9159463 100.1768796 100.9215686 99.9113111 100.3456426 100.8666667 100.0536875 99.991906 100.0 100.1470677 99.9971984 100.9960784 100.2388332 99.9537771 100.9490196 100.0046501 100.3429157 100.8470588 99.964863 100.3428726 100.8392157 100 100 100 100 100 100 100.046008 100.3428869 100.8470588 100 100 100 100 100 100 99.9908963 99.8530646 100.9411765 100.0138193 99.8585492 100.9333333 99.9755149 99.8829768 100.9490196 100.0260355 99.8883831 100.9215686 100 100 100 100 100 100 100 100 100 100 100 100 100 100 100 100 100 100
100.0016135 99.8668326 100.9411765 99.9388201 100.0163427 100.9411765 99.9159026 100.1769302 100.9294118 99.9127944 100.3455648 100.8745098 100.0566798 99.9944919 100.0 100.1484654 99.9973406 100.0 100.2388206 99.9565582 100.9490196 100.0031688 100.3455446 100.854902 99.9648488 100.3428537 100.854902 100 100 100 100 100 100 100.0459918 100.3429028 100.854902 100 100 100 100 100 100 99.9908682 99.8530507 100.9490196 100.0137966 99.8611611 100.9411765 99.9740663 99.8829247 100.9568627 100.0260026 99.888361 100.9294118 100 100 100 100 100 100 100 100 100 100 100 100 100 100 100 100 100 100
100.001617 99.8667415 100.9490196 99.9388319 100.0162846 100.9490196 99.9159129 100.1768088 100.9294118 99.9128375 100.3454822 100.8823529 100.055188 99.9944912 100.0 100.1470396 99.9999059 100.0 100.2434154 99.9646185 100.9764706 100.0046544 100.3427817 100.8627451 99.9648968 100.3427577 100.8627451 100 100 100 100 100 100 100.0474698 100.3427828 100.8627451 100 100 100 100 100 100 99.9908648 99.853005 100.9568627 100.0137954 99.8585048 100.9490196 99.9754983 99.8828796 100.9568627 100.0260138 99.8883637 100.9372549 100 100 100 100 100 100 100 100 100 100 100 100 100 100 100 100 100 100
100.0030695 99.8667549 100.9411765 99.9402908 100.0162657 100.9411765 99.9173222 100.1768186 100.9294118 99.9127909 100.3455069 100.8745098 100.055109 99.9944834 100.0 100.1500272 100.0135031 100.9843137 100.2464711 99.9754792 100.9960784 100.006115 100.3373352 100.854902 99.9663952 100.3346149 100.8666667 100 100 100 100 100 100 100.0474557 100.3346515 100.854902 100 100 100 100 100 100 99.990906 99.8530216 100.9490196 100.0152557 99.8584768 100.9411765 99.9769657 99.8828715 100.9568627 100.0274919 99.8883352 100.9294118 100 100 100 100 100 100 100 100 100 100 100 100 100 100 100 100 100 100
100.0045269 99.8639653 100.9411765 99.941799 100.0108946 100.9411765 99.9173877 100.1768785 100.9215686 99.9112138 100.340131 100.8745098 100.0550643 99.9917619 100.0 100.151552 100.0380588 100.9568627 100.2495289 100.0353366 100.9686275 100.0091379 100.3400909 100.854902 99.9678811 100.3401136 100.854902 100 100 100 100 100 100 100.0504462 100.3374201 100.854902 100 100 100 100 100 100 99.9923307 99.8503829 100.9490196 100.0153324 99.8556838 100.9411765 99.9770176 99.8775531 100.9568627 100.0275806 99.8803722 100.9294118 100 100 100 100 100 100 100 100 100 100 100 100 100 100 100 100 100 100
100.0016024 99.8612111 100.3333333 99.9403569 100.0054734 100.3137255 99.9173476 100.1660663 100.3137255 99.914291 100.3347201 100.2666667 100.0521426 99.9865753 100.3686275 100.1393152 100.0925631 100.3019608 100.2418539 100.1361647 100.2666667 100.0107212 100.3320223 100.2470588 99.9664363 100.3346658 100.2470588 100 100 100 100 100 100 100.0505679 100.3319996 100.2470588 100 100 100 100 100 100 99.9893776 99.8476833 100.3411765 100.0137656 99.8476326 100.3411765 99.9740249 99.874771 100.3411765 100.0260955 99.874817 100.3215686 100 100 100 100 100 100 100 100 100 100 100 100 100 100 100 100 100 100
100.0001033 99.8585897 100.9882353 99.938884 100.0053982 100.9764706 99.9158755 100.1659359 100.9686275 99.9128575 100.3346019 100.9215686 100.0521576 99.9891757 100.0 100.1362475 100.106071 100.9568627 100.2327352 100.1632744 100.9137255 100.0092279 100.3319592 100.9019608 99.9664238 100.3319444 100.9019608 100 100 100 100 100 100 100.0490366 100.3319109 100.9019608 100 100 100 100 100 100 99.9878734 99.8476405 100.9960784 100.0122585 99.8475641 100.9882353 99.9725255 99.8747317 100.9960784 100.024608 99.8747339 100.9764706 100 100 100 100 100 100 100 100 100 100 100 100 100 100 100 100 100 100
99.9999831 99.8558776 100.0 99.9402777 100.0026316 100.0 99.9158399 100.1605132 100.9843137 99.9142163 100.3318801 100.9372549 100.056615 99.9972454 100.0078431 100.1208722 100.1387922 100.945098 100.2004824 100.2476711 100.9294118 100.0091415 100.3291896 100.9176471 99.9663228 100.3291932 100.9176471 100 100 100 100 100 100 100.0489362 100.3238171 100.9176471 100 100 100 100 100 100 99.9877291 99.8475309 100.0078431 100.0107206 99.8421767 100.0 99.9739187 99.8721585 100.0078431 100.0245117 99.8693657 100.9843137 100 100 100 100 100 100 100 100 100 100 100 100 100 100 100 100 100 100
99.9985356 99.8532191 100.9960784 99.9403708 99.9974269 100.9843137 99.9158356 100.1553077 100.9764706 99.9112986 100.3265607 100.9294118 100.0581784 100.0000277 100.0 100.0964481 100.1552713 100.9215686 100.1576927 100.3130965 100.9098039 100.0076812 100.3266254 100.9098039 99.9648874 100.3265976 100.9294118 100 100 100 100 100 100 100.0474254 100.3239074 100.9098039 100 100 100 100 100 100 99.9862868 99.8449701 100.0078431 100.0106712 99.8395302 100.9960784 99.973971 99.8721338 100.0078431 100.0244812 99.8640682 100.9843137 100 100 100 100 100 100 100 100 100 100 100 100 100 100 100 100 100 100
99.9985487 99.8531809 100.0313725 99.9418342 99.997337 100.0196078 99.9158068 100.1552829 100.0117647 99.9112466 100.323882 100.9686275 100.0596277 100.0001187 100.0117647 100.0857038 100.1687438 100.9490196 100.1270329 100.3293355 100.9490196 100.0046189 100.3157214 100.9607843 99.9633399 100.313032 100.9490196 100 100 100 100 100 100 100.0459385 100.3130243 100.9607843 100 100 100 100 100 100 99.9876918 99.8450087 100.0470588 100.0106895 99.8395212 100.0313725 99.9740252 99.8722505 100.0470588 100.0245266 99.8613297 100.0196078 100 100 100 100 100 100 100 100 100 100 100 100 100 100 100 100 100 100
99.9999298 99.8531687 100.0196078 99.9418418 99.997299 100.0078431 99.9157899 100.155191 100.0 99.9126516 100.3238715 100.9568627 100.0596436 100.0001647 100.0 100.0825778 100.1633911 100.9568627 100.1163157 100.3375382 100.9372549 100.0045578 100.3157567 100.9372549 99.9647551 100.313027 100.9372549 100 100 100 100 100 100 100.0458857 100.3157093 100.9372549 100 100 100 100 100 100 99.9876847 99.8450085 100.0352941 100.0106818 99.8368711 100.027451 99.9740132 99.8722487 100.0352941 100.0245407 99.8586536 100.0196078 100 100 100 100 100 100 100 100 100 100 100 100 100 100 100 100 100 100
99.9998943 99.8531182 100.0196078 99.9432992 99.9946598 100.0078431 99.9157926 100.1551311 100.9921569 99.9126431 100.3238736 100.9568627 100.0596705 100.002711 100.0 100.0795268 100.1741092 100.9647059 100.1085447 100.3429532 100.9294118 100.0030391 100.3238849 100.9372549 99.9632661 100.321157 100.9372549 100 100 100 100 100 100 100.0458169 100.3211609 100.9372549 100 100 100 100 100 100 99.9876625 99.8450208 100.0352941 100.0106335 99.836827 100.027451 99.9754115 99.8722989 100.0352941 100.0245248 99.8586379 100.0078431 100 100 100 100 100 100 100 100 100 100 100 100 100 100 100 100 100 100
99.9984153 99.850612 100.0313725 99.9418725 99.9946234 100.0313725 99.9143196 100.1526038 100.0117647 99.9111578 100.3238436 100.9686275 100.0596703 100.0027532 100.9960784 100.0734838 100.171489 100.9686275 100.0964798 100.3430086 100.9411765 100.0030507 100.323951 100.9607843 99.9618072 100.3211935 100.9607843 100 100 100 100 100 100 100.0443748 100.323923 100.9607843 100 100 100 100 100 100 99.9861722 99.8450692 100.0470588 100.0091435 99.8341843 100.0392157 99.9739654 99.8723798 100.0470588 100.0230585 99.855982 100.0196078 100 100 100 100 100 100 100 100 100 100 100 100 100 100 100 100 100 100
99.9968939 99.853162 100.0392157 99.9433704 99.9944899 100.0313725 99.9128004 100.1550755 100.0117647 99.9081903 100.3237456 100.9686275 100.0581729 100.0053014 100.9960784 100.0704948 100.1741309 100.9882353 100.0826873 100.3428247 100.9411765 100.0000483 100.3237821 100.9607843 99.961724 100.3183131 100.9490196 100 100 100 100 100 100 100.0428776 100.3265165 100.9607843 100 100 100 100 100 100 99.9846605 99.8476097 100.0470588 100.0076204 99.8367272 100.0392157 99.9724907 99.8749096 100.0470588 100.023011 99.8584747 100.0313725 100 100 100 100 100 100 100 100 100 100 100 100 100 100 100 100 100 100
99.9969221 99.8531581 100.0196078 99.9433568 99.991867 100.0078431 99.9128186 100.155147 100.0078431 99.9082008 100.3211127 100.9568627 100.0581904 100.0028177 100.0 100.0720135 100.1741159 100.9647059 100.0857375 100.3374458 100.9372549 99.9970249 100.3265077 100.9372549 99.9601776 100.3237856 100.9372549 100 100 100 100 100 100 100.0382777 100.3265286 100.9372549 100 100 100 100 100 100 99.984694 99.8476401 100.0352941 100.0076537 99.8367252 100.027451 99.9725137 99.8749213 100.0352941 100.0244956 99.8585392 100.0196078 100 100 100 100 100 100 100 100 100 100 100 100 100 100 100 100 100 100
99.9984035 99.8531558 100.0196078 99.9448094 99.99187 100.0078431 99.9142828 100.1551082 100.0 99.9096267 100.3183484 100.9568627 100.0596336 100.0028022 100.9921569 100.0810022 100.1741434 100.9568627 100.0917937 100.3401254 100.9372549 99.9999236 100.3292216 100.9372549 99.9602018 100.3264977 100.9372549 100 100 100 100 100 100 100.0397437 100.3292243 100.9372549 100 100 100 100 100 100 99.9861852 99.8475898 100.0352941 100.0091308 99.8367354 100.0352941 99.9739733 99.8748426 100.0352941 100.0259664 99.8585475 100.0196078 100 100 100 100 100 100 100 100 100 100 100 100 100 100 100 100 100 100
99.9984035 99.8531558 100.0313725 99.9448094 99.99187 100.0313725 99.9142828 100.1551082 100.0196078 99.9096267 100.3183484 100.9686275 100.0596336 100.0028022 100.0117647 100.0810022 100.1741434 100.9686275 100.0917937 100.3401254 100.9490196 99.9999236 100.3292216 100.9490196 99.9602018 100.3264977 100.9490196 100 100 100 100 100 100 100.0397437 100.3292243 100.9490196 100 100 100 100 100 100 99.9861852 99.8475898 100.0470588 100.0091308 99.8367354 100.0392157 99.9739733 99.8748426 100.0470588 100.0259664 99.8585475 100.0313725 100 100 100 100 100 100 100 100 100 100 100 100 100 100 100 100 100 100
99.9969382 99.8531002 100.0196078 99.9433674 99.9918877 100.0196078 99.9128141 100.1551368 100.0 99.9082069 100.3238393 100.9568627 100.0581884 100.0027783 100.9921569 100.08111 100.1713612 100.9490196 100.0934323 100.3347804 100.9372549 99.9970216 100.3292859 100.9490196 99.9587339 100.3292363 100.9372549 100 100 100 100 100 100 100.0367854 100.32926929999999 100.9372549 100 100 100 100 100 100 99.9847198 99.8475404 100.0352941 100.0076698 99.8341119 100.0352941 99.9725075 99.8748561 100.0352941 100.0245298 99.8585253 100.0196078 100 100 100 100 100 100 100 100 100 100 100 100 100 100 100 100 100 100
99.996921 99.8531261 100.0313725 99.9418795 99.9945226 100.0313725 99.9128104 100.1552195 100.0117647 99.9082025 100.3237748 100.9686275 100.0581975 100.0027813 100.0 100.0811322 100.1687425 100.9686275 100.0948955 100.3320193 100.9490196 99.9984681 100.3292735 100.9490196 99.9587526 100.3292144 100.9607843 100 100 100 100 100 100 100.0397895 100.3292676 100.9490196 100 100 100 100 100 100 99.9847037 99.8475467 100.0470588 100.0076596 99.8366963 100.0392157 99.9725054 99.8748324 100.0470588 100.0245193 99.8585286 100.0313725 100 100 100 100 100 100 100 100 100 100 100 100 100 100 100 100 100 100
