99.9954155 99.8611954 100.0078431 99.94183 100.0026629 100.9921569 99.9173565 100.1605404 100.9843137 99.9127064 100.33194 100.9372549 100.0581925 99.9972854 100.0 100.085683 100.1577731 100.9372549 100.1147783 100.318343 100.9176471 100.006083 100.3291875 100.9176471 99.9632765 100.326467 100.9176471 100 100 100 100 100 100 100.0458481 100.3265371 100.9176471 100 100 100 100 100 100 99.9831726 99.8503835 100.0156863 100.0045504 99.8448395 100.0078431 99.9723912 99.8775727 100.0156863 100.0214524 99.8585574 100.0078431 100 100 100 100 100 100 100 100 100 100 100 100 100 100 100 100 100 100
99.9954334 99.8612192 100.0313725 99.9403679 100.0026638 100.0196078 99.9173725 100.1605985 100.0117647 99.9127477 100.3320083 100.9607843 100.0582228 99.9972879 100.0 100.085789 100.1551708 100.9686275 100.1194489 100.3210947 100.9490196 100.0061158 100.3292737 100.9490196 99.9633097 100.3292169 100.9490196 100 100 100 100 100 100 100.045901 100.329232 100.9490196 100 100 100 100 100 100 99.983191 99.8504118 100.0392157 100.0030969 99.8448613 100.0392157 99.9724153 99.8776219 100.0470588 100.0214869 99.8612037 100.0313725 100 100 100 100 100 100 100 100 100 100 100 100 100 100 100 100 100 100
99.9968349 99.8611963 100.0392157 99.9417779 100.0026544 100.0196078 99.9187735 100.1605417 100.0117647 99.9141795 100.3319666 100.9686275 100.0596438 99.9998583 100.0 100.0901946 100.1549898 100.9686275 100.1269512 100.3156042 100.9490196 100.0075412 100.3292265 100.9490196 99.9647295 100.3291549 100.9607843 100 100 100 100 100 100 100.0473213 100.3291663 100.9490196 100 100 100 100 100 100 99.9846003 99.8503549 100.0470588 100.0044968 99.8448341 100.0392157 99.9738352 99.8775882 100.0392157 100.0228809 99.861181 100.0313725 100 100 100 100 100 100 100 100 100 100 100 100 100 100 100 100 100 100
99.995378 99.8612193 100.9960784 99.9417912 100.0026594 100.9843137 99.9173303 100.1605505 100.9764706 99.9142107 100.3346444 100.9294118 100.0596332 99.9972816 100.0 100.0963418 100.154933 100.9294118 100.1453673 100.3237798 100.9098039 100.0060767 100.3319222 100.9098039 99.9648081 100.3318959 100.9215686 100 100 100 100 100 100 100.0458481 100.3292416 100.9098039 100 100 100 100 100 100 99.9831372 99.85033490000001 100.0078431 100.0030101 99.8448433 100.0078431 99.9724058 99.8775136 100.0 100.0228888 99.8612011 100.9960784 100 100 100 100 100 100 100 100 100 100 100 100 100 100 100 100 100 100
99.9938556 99.8611833 100.0 99.9403395 100.0026491 100.9921569 99.9158635 100.16322 100.9843137 99.9142175 100.3346463 100.9294118 100.0596239 99.9972895 100.0078431 100.0980247 100.1441804 100.9372549 100.1607119 100.3073679 100.9176471 100.006108 100.3320214 100.9176471 99.9648304 100.3320041 100.9098039 100 100 100 100 100 100 100.0458858 100.3319559 100.9176471 100 100 100 100 100 100 99.9815943 99.8503362 100.0156863 100.0015228 99.8422292 100.0078431 99.9709258 99.8775205 100.0078431 100.0214386 99.858531 100.0078431 100 100 100 100 100 100 100 100 100 100 100 100 100 100 100 100 100 100
99.9923716 99.8585514 100.0 99.9403322 100.0026692 100.9921569 99.9158667 100.1631899 100.9843137 99.9142453 100.3346132 100.9294118 100.0596333 99.9972684 100.9921569 100.1040905 100.1388259 100.9372549 100.1713767 100.2938259 100.9098039 100.0076483 100.3318969 100.9098039 99.9663175 100.3319005 100.9176471 100 100 100 100 100 100 100.0474205 100.3292062 100.9176471 100 100 100 100 100 100 99.9800988 99.8503064 100.0078431 100.0015118 99.8421796 100.0078431 99.9709061 99.8774779 100.0078431 100.0214503 99.8584723 100.0 100 100 100 100 100 100 100 100 100 100 100 100 100 100 100 100 100 100
99.9908706 99.8585319 100.0 99.9403271 100.0026633 100.9921569 99.91588 100.1632182 100.9921569 99.9142655 100.33466 100.9294118 100.0582179 99.9972683 100.0 100.108677 100.1387081 100.945098 100.1821226 100.2857378 100.9176471 100.006125 100.3292622 100.9176471 99.9648164 100.3292388 100.9176471 100 100 100 100 100 100 100.0459518 100.3291968 100.9176471 100 100 100 100 100 100 99.9786036 99.8503408 100.0156863 100.0000816 99.8421681 100.0078431 99.9694166 99.877524 100.0078431 100.0214148 99.8584739 100.0 100 100 100 100 100 100 100 100 100 100 100 100 100 100 100 100 100 100
99.9893764 99.8585497 100.027451 99.9403169 100.0026753 100.0196078 99.9158563 100.1605727 100.0 99.9128421 100.3346843 100.9568627 100.0582143 99.9972269 100.0 100.1194342 100.1333806 100.9568627 100.200539 100.2611338 100.9372549 100.0046413 100.3292876 100.9372549 99.9648501 100.3292844 100.9372549 100 100 100 100 100 100 100.044443 100.3292294 100.9372549 100 100 100 100 100 100 99.9771016 99.8503537 100.0352941 100.0000325 99.8421739 100.027451 99.9678666 99.8775136 100.027451 100.0199241 99.8585007 100.0196078 100 100 100 100 100 100 100 100 100 100 100 100 100 100 100 100 100 100
99.9893442 99.8585491 100.0078431 99.9388873 100.002661 100.9921569 99.9144129 100.1632727 100.9843137 99.9128292 100.3346878 100.9294118 100.0582034 99.9972354 100.9921569 100.1224531 100.1251962 100.945098 100.2082586 100.2422059 100.9176471 100.006165 100.3319525 100.9176471 99.9663649 100.3319609 100.9176471 100 100 100 100 100 100 100.0459414 100.3319384 100.9176471 100 100 100 100 100 100 99.9770805 99.8503698 100.0156863 100.0000083 99.8421578 100.0078431 99.966386 99.8775734 100.0078431 100.0199058 99.8585033 100.0156863 100 100 100 100 100 100 100 100 100 100 100 100 100 100 100 100 100 100
99.989318 99.8612313 100.0 99.9388669 100.0026747 100.0 99.9143691 100.1659833 100.972549 99.9128114 100.3347569 100.9294118 100.0581828 99.9946077 100.0156863 100.1301098 100.1197436 100.945098 100.2203882 100.2232066 100.9176471 100.0031349 100.3319767 100.9176471 99.9648163 100.331977 100.9098039 100 100 100 100 100 100 100.0444199 100.3293272 100.9176471 100 100 100 100 100 100 99.9756479 99.8504204 100.0156863 99.9999814 99.8422037 100.0078431 99.9649046 99.8776179 100.0078431 100.0183783 99.8559094 100.0078431 100 100 100 100 100 100 100 100 100 100 100 100 100 100 100 100 100 100
99.9892922 99.8586037 100.0 99.9402743 100.0027326 100.9960784 99.9157754 100.1633745 100.9764706 99.9142366 100.334846 100.9215686 100.0580863 99.9919501 100.0078431 100.1362298 100.1035041 100.9490196 100.2340922 100.1824157 100.9294118 100.0060656 100.3293646 100.9098039 99.9663121 100.3293397 100.9098039 100 100 100 100 100 100 100.045851 100.3293221 100.9098039 100 100 100 100 100 100 99.9770391 99.8504712 100.0078431 99.9999808 99.842223 100.0 99.9662809 99.8776944 100.0 100.0168194 99.8559592 100.0 100 100 100 100 100 100 100 100 100 100 100 100 100 100 100 100 100 100
99.9892838 99.8586232 100.0196078 99.9402687 100.0027512 100.0 99.9157834 100.1660647 100.9960784 99.9142287 100.3347904 100.9411765 100.0580871 99.9918902 100.0196078 100.1422727 100.0926495 100.9764706 100.240249 100.1633388 100.9490196 100.0045437 100.3293692 100.9294118 99.9662553 100.3320301 100.9215686 100 100 100 100 100 100 100.0443314 100.3293097 100.9294118 100 100 100 100 100 100 99.9770345 99.8504913 100.027451 99.9999774 99.8422433 100.0117647 99.9662729 99.8777097 100.0196078 100.0168155 99.8559408 100.0117647 100 100 100 100 100 100 100 100 100 100 100 100 100 100 100 100 100 100
99.9892856 99.8612083 100.0196078 99.9402665 100.0053629 100.0078431 99.9158162 100.1659292 100.0 99.9142389 100.3347915 100.9490196 100.0566103 99.9917997 100.0078431 100.1453513 100.0923744 100.9843137 100.2448149 100.1441645 100.9647059 100.0045705 100.3319526 100.9372549 99.9662729 100.3319362 100.9372549 100 100 100 100 100 100 100.0443613 100.3318933 100.9372549 100 100 100 100 100 100 99.9770319 99.853081 100.027451 99.9999821 99.8448335 100.027451 99.9662676 99.8802804 100.027451 100.0167912 99.8585367 100.027451 100 100 100 100 100 100 100 100 100 100 100 100 100 100 100 100 100 100
99.9893047 99.8611831 100.0392157 99.9402717 100.0054118 100.0196078 99.9158589 100.1686683 100.0 99.9143036 100.3373645 100.9607843 100.0566362 99.989195 100.0196078 100.1484813 100.0707711 100.9882353 100.2510191 100.1061192 100.9882353 100.0045871 100.3319702 100.9490196 99.9648162 100.3319383 100.9490196 100 100 100 100 100 100 100.0459048 100.3319394 100.9490196 100 100 100 100 100 100 99.9770458 99.8530771 100.0470588 99.999999 99.8421906 100.0392157 99.9648445 99.8802603 100.0392157 100.0153608 99.8585364 100.0392157 100 100 100 100 100 100 100 100 100 100 100 100 100 100 100 100 100 100
99.9892569 99.8586418 100.0117647 99.9402374 100.0054338 100.0 99.9158041 100.1660771 100.9960784 99.9142805 100.3374618 100.9411765 100.0581066 99.9892134 100.027451 100.1515041 100.0571676 100.0196078 100.2571048 100.0897903 100.9843137 100.0075842 100.3319708 100.9294118 99.9663077 100.3292791 100.9294118 100 100 100 100 100 100 100.047411 100.3319613 100.9294118 100 100 100 100 100 100 99.9769978 99.8531104 100.0196078 99.999954 99.8422041 100.0117647 99.9647965 99.8803043 100.0196078 100.0153049 99.8585677 100.0196078 100 100 100 100 100 100 100 100 100 100 100 100 100 100 100 100 100 100
99.9892533 99.8613041 100.9686275 99.940238 100.0081216 100.9686275 99.9158289 100.1713754 100.9490196 99.914297 100.3401674 100.8941176 100.0581133 99.991796 100.9843137 100.1530284 100.0517829 100.9372549 100.2586278 100.073397 100.9294118 100.0061141 100.337342 100.8745098 99.9663054 100.3346723 100.8823529 100 100 100 100 100 100 100.0474163 100.3373375 100.8745098 100 100 100 100 100 100 99.976997 99.8557516 100.9764706 99.9999546 99.8448706 100.9764706 99.9648036 99.8829463 100.9843137 100.0153296 99.8611963 100.9686275 100 100 100 100 100 100 100 100 100 100 100 100 100 100 100 100 100 100
99.9892172 99.8613352 100.9411765 99.9402055 100.0081773 100.9294118 99.9157997 100.171496 100.9215686 99.9142561 100.3428955 100.8666667 100.0596263 99.9892614 100.0 100.1560621 100.0327981 100.9019608 100.2586489 100.0353995 100.9019608 100.0090854 100.3374082 100.854902 99.9663037 100.3347235 100.854902 100 100 100 100 100 100 100.0488755 100.3374074 100.854902 100 100 100 100 100 100 99.9769582 99.8558028 100.9490196 99.9999198 99.8449068 100.9411765 99.9647555 99.8804599 100.9490196 100.0152847 99.8612687 100.9490196 100 100 100 100 100 100 100 100 100 100 100 100 100 100 100 100 100 100
99.9892138 99.8613426 100.9137255 99.9401965 100.0081832 100.9019608 99.9158034 100.1714372 100.8823529 99.9142676 100.3428887 100.8392157 100.0596276 99.9892598 100.9686275 100.1590689 100.0298927 100.9411765 100.2586102 100.019123 100.9764706 100.009129 100.3347075 100.827451 99.9662904 100.3319828 100.827451 100 100 100 100 100 100 100.0489199 100.3347252 100.827451 100 100 100 100 100 100 99.9769468 99.8558077 100.9215686 99.9999224 99.8449105 100.9215686 99.9647439 99.8804567 100.9215686 100.0152779 99.8612762 100.9019608 100 100 100 100 100 100 100 100 100 100 100 100 100 100 100 100 100 100
99.9892233 99.8640088 100.9490196 99.9402002 100.0108699 100.9294118 99.9158105 100.1741721 100.9176471 99.9142596 100.345556 100.8745098 100.0596238 99.9918312 100.9921569 100.1590775 100.0164428 100.0078431 100.2586191 100.0109299 100.0156863 100.0105955 100.340132 100.854902 99.967794 100.337419 100.8627451 100 100 100 100 100 100 100.0489321 100.3401588 100.854902 100 100 100 100 100 100 99.976951 99.8584729 100.9568627 99.9999259 99.8449793 100.9568627 99.964744 99.883129 100.9568627 100.0152791 99.8639373 100.9490196 100 100 100 100 100 100 100 100 100 100 100 100 100 100 100 100 100 100
99.9878057 99.8667193 100.9333333 99.93879 100.0135655 100.9137255 99.9143775 100.1768567 100.9137255 99.9128589 100.3482737 100.8588235 100.0581991 99.9919296 100.9764706 100.1561768 100.0162248 100.0392157 100.2572006 99.9946853 100.9960784 100.0091995 100.3401722 100.8470588 99.9664119 100.3401145 100.8588235 100 100 100 100 100 100 100.0475346 100.342834 100.8392157 100 100 100 100 100 100 99.9755406 99.8611624 100.9411765 99.9985121 99.8502944 100.9333333 99.9633361 99.8858104 100.9411765 100.0138731 99.8666353 100.9333333 100 100 100 100 100 100 100 100 100 100 100 100 100 100 100 100 100 100
99.9877901 99.8693416 100.9215686 99.9387652 100.0162047 100.9019608 99.914383 100.1767504 100.9019608 99.9142643 100.3482627 100.8470588 100.0596571 99.9944928 100.9921569 100.1561604 100.0000031 100.0 100.2540784 99.9725878 100.9490196 100.0076861 100.3454725 100.827451 99.9663408 100.3427843 100.827451 100 100 100 100 100 100 100.0474675 100.3454867 100.827451 100 100 100 100 100 100 99.9755288 99.8637792 100.9294118 99.9984899 99.8502863 100.9294118 99.9633212 99.8884168 100.9294118 100.0138376 99.866724 100.9294118 100 100 100 100 100 100 100 100 100 100 100 100 100 100 100 100 100 100
99.9878206 99.8694271 100.9411765 99.9387782 100.0162404 100.9294118 99.9143947 100.176871 100.9411765 99.914271 100.3482794 100.8666667 100.0596698 99.9944825 100.9960784 100.1530941 99.9972445 100.0 100.2480181 99.9538645 100.9411765 100.0076816 100.3455441 100.8470588 99.9648519 100.342859 100.854902 100 100 100 100 100 100 100.0474978 100.3455823 100.8470588 100 100 100 100 100 100 99.9755599 99.8638289 100.9490196 99.9985152 99.8503858 100.9490196 99.9633394 99.8884686 100.9490196 100.0138744 99.866812 100.9411765 100 100 100 100 100 100 100 100 100 100 100 100 100 100 100 100 100 100
99.9878578 99.8720582 100.9333333 99.9387835 100.0187813 100.9215686 99.9158501 100.1767726 100.9137255 99.9143244 100.3482711 100.8588235 100.0596723 99.9970701 100.9960784 100.1500635 99.997102 100.9960784 100.2450044 99.950943 100.9333333 100.007695 100.3481982 100.8392157 99.9648378 100.3481606 100.8470588 100 100 100 100 100 100 100.0475218 100.3481823 100.8392157 100 100 100 100 100 100 99.9755928 99.8664742 100.9411765 99.9985457 99.8530126 100.9333333 99.9633624 99.8910798 100.9411765 100.0138815 99.8694211 100.9333333 100 100 100 100 100 100 100 100 100 100 100 100 100 100 100 100 100 100
99.987873 99.8720826 100.9411765 99.9387798 100.0162702 100.9215686 99.9158575 100.1768248 100.9294118 99.9143408 100.3481857 100.8745098 100.0596739 99.9970432 100.0 100.1515604 99.9808558 100.0 100.2433982 99.9291237 100.9490196 100.0091785 100.3455206 100.854902 99.9648733 100.3454446 100.854902 100 100 100 100 100 100 100.048965 100.3455088 100.854902 100 100 100 100 100 100 99.9756162 99.8664978 100.9490196 99.9985648 99.8556526 100.9411765 99.9633879 99.8911256 100.9490196 100.0153426 99.8719905 100.9490196 100 100 100 100 100 100 100 100 100 100 100 100 100 100 100 100 100 100
99.9878558 99.8721505 100.9607843 99.9387713 100.0162918 100.9490196 99.9158499 100.1768223 100.9411765 99.9143136 100.3483639 100.8941176 100.0596834 99.9945134 100.9960784 100.1545988 99.9755563 100.9882353 100.2418504 99.9156361 100.9686275 100.0091548 100.3454925 100.8745098 99.9648555 100.3427695 100.8862745 100 100 100 100 100 100 100.0475322 100.3455268 100.8745098 100 100 100 100 100 100 99.9756003 99.8665686 100.9764706 99.9985455 99.8557214 100.9686275 99.9647958 99.8912175 100.9686275 100.0153268 99.8720498 100.9686275 100 100 100 100 100 100 100 100 100 100 100 100 100 100 100 100 100 100
99.9893026 99.8721704 100.9411765 99.9387919 100.016276 100.9411765 99.9158304 100.1769263 100.9215686 99.9143232 100.3483218 100.8745098 100.0582283 99.9945385 100.9843137 100.154631 99.9753636 100.9686275 100.2342768 99.9127897 100.9490196 100.0091848 100.3455201 100.854902 99.9648884 100.342809 100.8470588 100 100 100 100 100 100 100.048976 100.3455339 100.854902 100 100 100 100 100 100 99.9756285 99.8665906 100.9568627 99.9985755 99.8557376 100.9411765 99.9648096 99.8912393 100.9490196 100.0153473 99.8720539 100.9490196 100 100 100 100 100 100 100 100 100 100 100 100 100 100 100 100 100 100
99.9893139 99.8721837 100.9411765 99.9387878 100.016291 100.9294118 99.9158611 100.1768698 100.9215686 99.9142981 100.3483875 100.8745098 100.0582161 99.994486 100.9960784 100.1500313 99.9727243 100.9843137 100.2327369 99.9047087 100.9490196 100.0077114 100.3482591 100.854902 99.9648589 100.3455787 100.8666667 100 100 100 100 100 100 100.0475437 100.348289 100.854902 100 100 100 100 100 100 99.9756384 99.866587 100.9568627 99.9999748 99.8557479 100.9490196 99.9633966 99.8912146 100.9490196 100.0153614 99.8720624 100.9411765 100 100 100 100 100 100 100 100 100 100 100 100 100 100 100 100 100 100
99.9893212 99.8747947 100.9490196 99.938786 100.0163057 100.9372549 99.9144233 100.179576 100.9294118 99.9143016 100.3484149 100.8823529 100.0596754 99.9918114 100.9921569 100.1485047 99.9618625 100.9372549 100.2311087 99.8910653 100.9490196 100.0077107 100.3455725 100.854902 99.964865 100.3428674 100.8627451 100 100 100 100 100 100 100.0475414 100.3455987 100.854902 100 100 100 100 100 100 99.9756457 99.8666278 100.9647059 99.9985866 99.855791 100.9490196 99.9634009 99.8912543 100.9568627 100.0153593 99.8720957 100.9568627 100 100 100 100 100 100 100 100 100 100 100 100 100 100 100 100 100 100
99.9893091 99.8722245 100.9411765 99.9387774 100.0163315 100.9294118 99.9144051 100.1796322 100.9215686 99.9143104 100.3484076 100.8745098 100.0596786 99.9918037 100.9960784 100.1485478 99.9565536 100.9490196 100.2281141 99.8856702 100.9294118 100.007724 100.3428687 100.854902 99.9648988 100.3401126 100.854902 100 100 100 100 100 100 100.0475407 100.3455129 100.854902 100 100 100 100 100 100 99.9756387 99.8666547 100.9568627 99.9985783 99.8557795 100.9490196 99.9648168 99.8912378 100.9490196 100.0153816 99.8720882 100.9294118 100 100 100 100 100 100 100 100 100 100 100 100 100 100 100 100 100 100
99.9893051 99.8748185 100.9490196 99.9387747 100.0163279 100.9411765 99.9158377 100.1768748 100.9215686 99.9142898 100.3484116 100.8745098 100.0596752 99.9917991 100.9960784 100.1470235 99.9564114 100.9490196 100.2220103 99.8775384 100.9411765 100.0076871 100.3455667 100.854902 99.9648478 100.3428407 100.854902 100 100 100 100 100 100 100.0475153 100.3455645 100.854902 100 100 100 100 100 100 99.9756346 99.8666629 100.9568627 99.9985789 99.8558216 100.9490196 99.9634053 99.8912757 100.9490196 100.0153598 99.8721519 100.9490196 100 100 100 100 100 100 100 100 100 100 100 100 100 100 100 100 100 100
99.9893073 99.8748353 100.9607843 99.9387917 100.0163337 100.9490196 99.9144076 100.1769562 100.9411765 99.9142934 100.3484414 100.8862745 100.0582171 99.9918106 100.0 100.1469368 99.9537365 100.9607843 100.2204113 99.8666671 100.9686275 100.0076886 100.3455996 100.8666667 99.9648565 100.3455433 100.8862745 100 100 100 100 100 100 100.0474815 100.3456004 100.8666667 100 100 100 100 100 100 99.9756383 99.8666853 100.9686275 99.9985826 99.8558439 100.9686275 99.9648285 99.8913122 100.9686275 100.0153662 99.8721374 100.9607843 100 100 100 100 100 100 100 100 100 100 100 100 100 100 100 100 100 100
99.9878927 99.8748842 100.9490196 99.9387905 100.0163161 100.9372549 99.9143705 100.1796061 100.9176471 99.9142687 100.3484909 100.8745098 100.0582112 99.9892174 100.9921569 100.1469262 99.9536948 100.9568627 100.2189103 99.8639066 100.9568627 100.0076857 100.345573 100.8627451 99.9648585 100.3429078 100.8627451 100 100 100 100 100 100 100.0474858 100.3455946 100.8627451 100 100 100 100 100 100 99.9756323 99.8667216 100.9568627 99.9985813 99.8558848 100.9568627 99.9648289 99.8913535 100.9568627 100.0153932 99.8721765 100.9568627 100 100 100 100 100 100 100 100 100 100 100 100 100 100 100 100 100 100
99.9893198 99.874901 100.9490196 99.9387826 100.0163059 100.9372549 99.9143641 100.1769815 100.9294118 99.9142809 100.3484581 100.8745098 100.0596778 99.9918433 100.0 100.1454391 99.9510477 100.9568627 100.2173716 99.8558426 100.9568627 100.0076774 100.3401528 100.8627451 99.9648738 100.3374669 100.854902 100 100 100 100 100 100 100.047473 100.3374399 100.8627451 100 100 100 100 100 100 99.975647 99.8666973 100.9647059 99.9999838 99.8558602 100.9568627 99.9648336 99.8913223 100.9568627 100.016878 99.8721458 100.9490196 100 100 100 100 100 100 100 100 100 100 100 100 100 100 100 100 100 100
99.9893362 99.8748914 100.9607843 99.9373555 100.0163709 100.9490196 99.9143634 100.1769897 100.9215686 99.9128463 100.3511098 100.8862745 100.0597009 99.9891445 100.0 100.1439358 99.9510474 100.9686275 100.2112654 99.8530654 100.9607843 100.0061873 100.3428686 100.8745098 99.9648468 100.3401839 100.8666667 100 100 100 100 100 100 100.047454 100.3401875 100.8745098 100 100 100 100 100 100 99.9770631 99.8667047 100.9686275 99.9999945 99.8585165 100.9607843 99.9648291 99.8913325 100.9686275 100.0153886 99.8722162 100.9607843 100 100 100 100 100 100 100 100 100 100 100 100 100 100 100 100 100 100
99.9907476 99.8748775 100.9568627 99.9387684 100.0163085 100.9490196 99.9157825 100.1769188 100.9372549 99.9142749 100.3484461 100.6352941 100.0596452 99.9918184 100.9921569 100.1453043 99.9510214 100.9568627 100.2126903 99.8504271 100.9490196 100.0060824 100.3428676 100.8627451 99.9648 100.3401674 100.8627451 100 100 100 100 100 100 100.0474114 100.3428516 100.8627451 100 100 100 100 100 100 99.9770776 99.8666841 100.9568627 100.001415 99.8585036 100.9568627 99.9648193 99.8912964 100.9647059 100.0168071 99.8722108 100.9568627 100 100 100 100 100 100 100 100 100 100 100 100 100 100 100 100 100 100
99.990753 99.874931 100.9490196 99.9387752 100.0163582 100.9294118 99.9157898 100.1769257 100.9215686 99.914285 100.3484151 100.8666667 100.0596121 99.991816 100.9960784 100.145313 99.9510426 100.9568627 100.212709 99.8504316 100.9490196 100.0076253 100.3455816 100.8470588 99.9662778 100.3428905 100.854902 100 100 100 100 100 100 100.0488871 100.3455574 100.8470588 100 100 100 100 100 100 99.9770812 99.8667336 100.9490196 100.0000293 99.8585375 100.9490196 99.9648153 99.8913228 100.9490196 100.0167922 99.8722446 100.9490196 100 100 100 100 100 100 100 100 100 100 100 100 100 100 100 100 100 100
99.9893272 99.8748434 100.9568627 99.938778 100.0163325 100.9490196 99.9157956 100.1769598 100.9294118 99.9143216 100.3510156 100.8745098 100.0581435 99.9918776 100.0 100.1453891 99.9536144 100.9568627 100.2157788 99.853114 100.9568627 100.0076548 100.3455442 100.8627451 99.966329 100.342863 100.8627451 100 100 100 100 100 100 100.0489268 100.3455414 100.8627451 100 100 100 100 100 100 99.9770666 99.8666804 100.9647059 100.0000358 99.8584831 100.9568627 99.9648242 99.8938341 100.9647059 100.0153281 99.8722125 100.9568627 100 100 100 100 100 100 100 100 100 100 100 100 100 100 100 100 100 100
99.9893311 99.8748357 100.9490196 99.9387905 100.0188875 100.9294118 99.915799 100.1795143 100.9215686 99.9143394 100.3509942 100.8745098 100.0566554 99.9944263 100.9960784 100.145437 99.9536246 100.9411765 100.2173409 99.8611495 100.9490196 100.0076714 100.3428102 100.854902 99.9663445 100.3427799 100.854902 100 100 100 100 100 100 100.0489611 100.342804 100.854902 100 100 100 100 100 100 99.977074 99.8666465 100.9568627 100.0000391 99.8584711 100.9411765 99.9648139 99.8938105 100.9568627 100.0153298 99.8747692 100.9490196 100 100 100 100 100 100 100 100 100 100 100 100 100 100 100 100 100 100
99.989324 99.8747843 100.9490196 99.9387893 100.0188776 100.9490196 99.915813 100.1795508 100.9176471 99.9143632 100.3536289 100.8745098 100.0566653 99.9944167 100.0 100.1469197 99.9536493 100.9647059 100.2189386 99.8638301 100.9568627 100.0076975 100.3455044 100.8627451 99.9663591 100.3454637 100.8627451 100 100 100 100 100 100 100.0489927 100.3454834 100.8627451 100 100 100 100 100 100 99.9770658 99.8666212 100.9568627 100.0000324 99.858424 100.9568627 99.9648126 99.8938029 100.9647059 100.0153358 99.8721105 100.9568627 100 100 100 100 100 100 100 100 100 100 100 100 100 100 100 100 100 100
99.9893486 99.8747981 100.9490196 99.93883 100.01887 100.9294118 99.9158613 100.1794878 100.9294118 99.9143945 100.3536895 100.8745098 100.0551861 99.994437 100.0 100.1469751 99.953713 100.9647059 100.2189429 99.8665913 100.9490196 100.0077018 100.3454923 100.8627451 99.9663852 100.345472 100.8627451 100 100 100 100 100 100 100.0475352 100.3454923 100.8627451 100 100 100 100 100 100 99.9770801 99.8666318 100.9568627 100.0000519 99.8584143 100.9490196 99.9648308 99.8937794 100.9647059 100.0139364 99.8720999 100.9490196 100 100 100 100 100 100 100 100 100 100 100 100 100 100 100 100 100 100
99.9907327 99.874821 100.9568627 99.940238 100.0188944 100.9372549 99.9158607 100.1822549 100.9294118 99.9158124 100.3509808 100.8745098 100.0566176 99.9944066 100.0 100.1484022 99.9564203 100.9647059 100.22197 99.8720088 100.9568627 100.0091462 100.3400518 100.8627451 99.96785 100.340053 100.854902 100 100 100 100 100 100 100.0504271 100.3373727 100.8627451 100 100 100 100 100 100 99.9770966 99.8666885 100.9568627 100.001437 99.8584586 100.9568627 99.966252 99.8938764 100.9568627 100.0153398 99.872125 100.9568627 100 100 100 100 100 100 100 100 100 100 100 100 100 100 100 100 100 100
99.9893399 99.8747765 100.9490196 99.9402456 100.0188862 100.9372549 99.9158669 100.1795443 100.9294118 99.915814 100.3509697 100.8745098 100.0566123 99.9944535 100.9921569 100.1499508 99.9564042 100.9568627 100.2234825 99.8747713 100.9490196 100.0076388 100.3454634 100.8627451 99.9663827 100.345445 100.8627451 100 100 100 100 100 100 100.0489577 100.3427704 100.8627451 100 100 100 100 100 100 99.9770839 99.8666495 100.9568627 100.0014256 99.8584342 100.9568627 99.9662436 99.8938434 100.9568627 100.0153282 99.872119 100.9490196 100 100 100 100 100 100 100 100 100 100 100 100 100 100 100 100 100 100
99.9893313 99.8747375 100.9490196 99.9402413 100.0188546 100.9490196 99.9158746 100.1794343 100.9372549 99.9158062 100.3508776 100.8745098 100.0566234 99.9944647 100.0 100.1484498 99.9591729 100.9568627 100.2235373 99.8828022 100.9490196 100.0076748 100.3400312 100.8627451 99.9678579 100.3400002 100.8627451 100 100 100 100 100 100 100.0489912 100.339992 100.8627451 100 100 100 100 100 100 99.9770689 99.8666287 100.9568627 100.0000058 99.8583838 100.9490196 99.9662546 99.89385 100.9568627 100.0153295 99.8720859 100.9568627 100 100 100 100 100 100 100 100 100 100 100 100 100 100 100 100 100 100
99.9878638 99.8747342 100.9607843 99.9387913 100.0188298 100.9490196 99.9158111 100.1794331 100.9411765 99.9143379 100.350842 100.8862745 100.0566912 99.9970576 100.0 100.147045 99.9699279 100.9764706 100.2250597 99.8909684 100.9607843 100.0061924 100.3427239 100.8745098 99.9663915 100.342706 100.8666667 100 100 100 100 100 100 100.0474763 100.3426687 100.8745098 100 100 100 100 100 100 99.9755892 99.8666363 100.9764706 99.9985292 99.8583708 100.9607843 99.9647886 99.8964513 100.9686275 100.0138528 99.8720629 100.9607843 100 100 100 100 100 100 100 100 100 100 100 100 100 100 100 100 100 100
99.9878725 99.8722202 100.9568627 99.9388231 100.0162992 100.9294118 99.9144368 100.1769302 100.9372549 99.9143369 100.3482981 100.8745098 100.0551969 99.9945411 100.0 100.1485433 99.9700974 100.9647059 100.2296759 99.891167 100.9372549 100.0062164 100.3374635 100.8745098 99.9664439 100.3374321 100.8627451 100 100 100 100 100 100 100.0475035 100.3374359 100.8745098 100 100 100 100 100 100 99.9756077 99.8641182 100.9647059 99.998529 99.855858 100.9568627 99.9648137 99.8938897 100.9568627 100.013873 99.8694726 100.9490196 100 100 100 100 100 100 100 100 100 100 100 100 100 100 100 100 100 100
99.9893163 99.8747812 100.9490196 99.9402669 100.0162625 100.9490196 99.9172729 100.1768335 100.9294118 99.9157918 100.3482984 100.8745098 100.0566068 99.9945499 100.0 100.1500278 99.9727517 100.9921569 100.2341757 99.8966244 100.9490196 100.0076485 100.3373889 100.8627451 99.9678692 100.3373638 100.8627451 100 100 100 100 100 100 100.0489448 100.3373711 100.8627451 100 100 100 100 100 100 99.9770544 99.8640597 100.9568627 99.9999849 99.8558104 100.9568627 99.9662499 99.8912428 100.9568627 100.0153155 99.8694787 100.9568627 100 100 100 100 100 100 100 100 100 100 100 100 100 100 100 100 100 100
99.9878723 99.8748077 100.9411765 99.9388186 100.0162362 100.9294118 99.9144304 100.1795849 100.9294118 99.9143337 100.3482894 100.8666667 100.0551802 99.9945472 100.9960784 100.1500574 99.9782049 100.9764706 100.2342932 99.9129465 100.9490196 100.0077312 100.3427798 100.854902 99.9679165 100.3400816 100.8666667 100 100 100 100 100 100 100.0475165 100.3427806 100.854902 100 100 100 100 100 100 99.9756181 99.8665342 100.9490196 99.9985275 99.858419 100.9411765 99.964818 99.8938485 100.9490196 100.0138674 99.8694091 100.9411765 100 100 100 100 100 100 100 100 100 100 100 100 100 100 100 100 100 100
99.9878728 99.8747283 100.9411765 99.9388393 100.0161754 100.9294118 99.9144345 100.1794572 100.9215686 99.9143364 100.3455973 100.8745098 100.0552042 99.9945616 100.0 100.148573 99.9890519 100.9960784 100.2373044 99.9290218 100.9686275 100.0061971 100.3346262 100.854902 99.9664153 100.3345715 100.8470588 100 100 100 100 100 100 100.0474777 100.3346118 100.854902 100 100 100 100 100 100 99.975619 99.8639911 100.9568627 99.9985383 99.8583645 100.9490196 99.9648188 99.8911815 100.9490196 100.0138681 99.8720031 100.9411765 100 100 100 100 100 100 100 100 100 100 100 100 100 100 100 100 100 100
99.987852 99.8721179 100.9333333 99.9388246 100.0136057 100.9215686 99.9158318 100.1742291 100.9019608 99.9143202 100.3455825 100.8588235 100.0566839 99.9919765 100.9882353 100.1485881 99.9919133 100.9882353 100.2434139 99.9320285 100.9686275 100.0061749 100.3373963 100.8470588 99.9649264 100.3346951 100.8470588 100 100 100 100 100 100 100.0474827 100.3374051 100.8470588 100 100 100 100 100 100 99.9755986 99.8638684 100.9411765 99.9985168 99.8557502 100.9411765 99.9648064 99.8911676 100.9411765 100.0138536 99.8668041 100.9411765 100 100 100 100 100 100 100 100 100 100 100 100 100 100 100 100 100 100
99.9878445 99.872031 100.9333333 99.9388147 100.0135175 100.9215686 99.9158441 100.171474 100.9137255 99.9143396 100.3454778 100.8666667 100.0566626 99.9944706 100.9960784 100.1500442 99.9946342 100.9960784 100.2464824 99.9482176 100.9490196 100.0061919 100.3319418 100.8470588 99.9664215 100.3292276 100.8470588 100 100 100 100 100 100 100.0474963 100.3319212 100.8470588 100 100 100 100 100 100 99.9755921 99.8637925 100.9411765 99.998498 99.8556767 100.9411765 99.964813 99.891109 100.9411765 100.0138445 99.866702 100.9411765 100 100 100 100 100 100 100 100 100 100 100 100 100 100 100 100 100 100
99.9878711 99.8693276 100.9333333 99.9388385 100.0108133 100.9333333 99.9158581 100.1714149 100.9215686 99.9143901 100.3427857 100.8666667 100.0536776 99.9918526 100.9960784 100.1500616 100.0109209 100.9764706 100.2480504 99.9701418 100.9490196 100.0077507 100.3373455 100.8470588 99.9664323 100.3346432 100.8392157 100 100 100 100 100 100 100.0490127 100.3373764 100.8470588 100 100 100 100 100 100 99.9756294 99.8610941 100.9411765 99.9985417 99.8529775 100.9411765 99.9648367 99.8857905 100.9411765 100.0139021 99.8640093 100.9333333 100 100 100 100 100 100 100 100 100 100 100 100 100 100 100 100 100 100
99.9878471 99.8666826 100.9490196 99.9388161 100.0081167 100.9294118 99.9158256 100.1687636 100.9215686 99.9143632 100.3401142 100.8745098 100.0536629 99.9892681 100.0 100.1500867 100.0110742 100.9843137 100.252574 99.9891094 100.0 100.0077219 100.3320252 100.854902 99.966376 100.3319807 100.854902 100 100 100 100 100 100 100.0489771 100.3320134 100.854902 100 100 100 100 100 100 99.9756087 99.8584384 100.9490196 99.9985257 99.8503249 100.9411765 99.9648068 99.883124 100.9568627 100.0138895 99.8639555 100.9568627 100 100 100 100 100 100 100 100 100 100 100 100 100 100 100 100 100 100
99.9878986 99.8666215 100.9686275 99.9388411 100.0080571 100.9490196 99.9158872 100.1660043 100.9411765 99.9143353 100.3374239 100.8941176 100.0536384 99.9918216 100.0117647 100.1500748 100.0272464 100.9607843 100.2556918 100.0081735 100.9764706 100.0077459 100.3346272 100.8745098 99.966423 100.3319675 100.8862745 100 100 100 100 100 100 100.04900430000001 100.3346363 100.8745098 100 100 100 100 100 100 99.9756524 99.8583882 100.9686275 99.9985721 99.8476596 100.9686275 99.96486 99.8856856 100.9764706 100.0139366 99.8612983 100.9686275 100 100 100 100 100 100 100 100 100 100 100 100 100 100 100 100 100 100
99.9893105 99.8613701 100.9490196 99.9388808 100.0053872 100.9411765 99.9158673 100.1633288 100.9215686 99.9143257 100.334785 100.8745098 100.0521602 99.989242 100.0196078 100.1500459 100.0462257 100.9098039 100.2572335 100.0435415 100.9098039 100.0077475 100.3292746 100.854902 99.9664048 100.3265969 100.854902 100 100 100 100 100 100 100.0490194 100.3265992 100.854902 100 100 100 100 100 100 99.9770594 99.853257 100.9568627 100.000015 99.8450087 100.9490196 99.9648869 99.880447 100.9568627 100.0153801 99.8586766 100.9568627 100 100 100 100 100 100 100 100 100 100 100 100 100 100 100 100 100 100
99.989335 99.8639742 100.9843137 99.9403263 100.0027694 100.9764706 99.9158763 100.1633182 100.9647059 99.9143145 100.3346873 100.9098039 100.0521236 99.9918856 100.0431373 100.1470614 100.0517136 100.9372549 100.2571801 100.0653027 100.9294118 100.0062144 100.3238688 100.8901961 99.9663963 100.3238654 100.8901961 100 100 100 100 100 100 100.0475255 100.3238498 100.8901961 100 100 100 100 100 100 99.9770788 99.8557251 100.9843137 100.0000398 99.8476091 100.9843137 99.9649215 99.8831007 100.9921569 100.0154173 99.858632 100.9921569 100 100 100 100 100 100 100 100 100 100 100 100 100 100 100 100 100 100
99.9908091 99.864006 100.9764706 99.940346 100.0027513 100.9647059 99.9173103 100.1606248 100.945098 99.9157407 100.3320953 100.9098039 100.0535458 99.9918793 100.0078431 100.1484657 100.065355 100.9568627 100.2525454 100.0871374 100.945098 100.0091848 100.3211269 100.8901961 99.9678843 100.3210921 100.8901961 100 100 100 100 100 100 100.0504312 100.3211185 100.8901961 100 100 100 100 100 100 99.9785547 99.8557191 100.9843137 100.0015115 99.8476234 100.9843137 99.96782 99.8830904 100.9921569 100.0168793 99.8612251 100.9843137 100 100 100 100 100 100 100 100 100 100 100 100 100 100 100 100 100 100
99.9894079 99.863966 100.9960784 99.9403382 100.000042 100.9882353 99.9158944 100.1579936 100.9686275 99.9143235 100.3293811 100.9215686 100.0536176 99.9973275 100.0 100.1469893 100.0707669 100.9568627 100.2480237 100.1035051 100.9294118 100.0046693 100.3238567 100.9019608 99.9649244 100.3265585 100.8941176 100 100 100 100 100 100 100.045953 100.3238508 100.9019608 100 100 100 100 100 100 99.9771507 99.8530286 100.0 100.0001014 99.844977 100.9960784 99.9664287 99.8803726 100.9960784 100.0169425 99.8585654 100.9960784 100 100 100 100 100 100 100 100 100 100 100 100 100 100 100 100 100 100
99.990853 99.8639939 100.9686275 99.9403689 99.9973352 100.9686275 99.9158621 100.1579239 100.9490196 99.9142643 100.3266384 100.9019608 100.0550983 100.0000423 100.0078431 100.1423826 100.0899244 100.9294118 100.244855 100.1469917 100.9019608 100.0046317 100.3238556 100.8823529 99.9648824 100.3238558 100.8823529 100 100 100 100 100 100 100.0459524 100.3238858 100.8823529 100 100 100 100 100 100 99.9785874 99.8530015 100.9843137 100.0015209 99.8450042 100.9764706 99.9694154 99.8777096 100.9764706 100.0214335 99.8586397 100.9764706 100 100 100 100 100 100 100 100 100 100 100 100 100 100 100 100 100 100
99.9923473 99.8640004 100.0 99.9403609 99.9973054 100.9960784 99.9158 100.1579258 100.9647059 99.9142246 100.3266161 100.9215686 100.0566184 100.0001142 100.0 100.1377443 100.095297 100.9647059 100.2448299 100.1714754 100.9294118 100.0045992 100.3211788 100.9098039 99.9648416 100.3211657 100.9098039 100 100 100 100 100 100 100.0459095 100.3238514 100.9098039 100 100 100 100 100 100 99.9800723 99.8505415 100.0078431 100.0015599 99.8475981 100.0 99.9724188 99.877707 100.0 100.0229362 99.86128 100.0 100 100 100 100 100 100 100 100 100 100 100 100 100 100 100 100 100 100
99.9953692 99.863996 100.0 99.9417922 99.9946348 100.9921569 99.9157876 100.1578258 100.9843137 99.9141969 100.3265034 100.9294118 100.0565892 100.002711 100.0 100.1362191 100.1088734 100.945098 100.2372068 100.1851456 100.9176471 100.0045869 100.3211589 100.9176471 99.966298 100.3211468 100.9176471 100 100 100 100 100 100 100.0458737 100.321179 100.9176471 100 100 100 100 100 100 99.983147 99.8504823 100.0156863 100.0030539 99.8475839 100.0078431 99.9739142 99.8776932 100.0156863 100.024411 99.8613366 100.0078431 100 100 100 100 100 100 100 100 100 100 100 100 100 100 100 100 100 100
99.998417 99.8613238 100.027451 99.9418483 99.9945976 100.0196078 99.914351 100.1551429 100.0 99.9112372 100.3238619 100.9490196 100.0581537 100.0027426 100.0 100.1301082 100.1252004 100.9647059 100.2189244 100.2231704 100.9490196 100.0016036 100.3265829 100.9372549 99.9632982 100.3265381 100.9490196 100 100 100 100 100 100 100.0443759 100.3265956 100.9372549 100 100 100 100 100 100 99.9861766 99.8504414 100.027451 100.0076692 99.8475743 100.027451 99.9739972 99.8776272 100.0352941 100.0244513 99.8667261 100.027451 100 100 100 100 100 100 100 100 100 100 100 100 100 100 100 100 100 100
99.9984445 99.861306 100.0196078 99.9418242 99.9946203 100.0078431 99.914303 100.1552049 100.0078431 99.9111717 100.3238111 100.9568627 100.0596052 100.0027274 100.9921569 100.122498 100.1333904 100.9647059 100.235673 100.2668435 100.9294118 100.0030172 100.3266079 100.9490196 99.963288 100.3238717 100.9294118 100 100 100 100 100 100 100.042827 100.3293079 100.9372549 100 100 100 100 100 100 99.9862166 99.8504598 100.0352941 100.0091542 99.8450141 100.027451 99.9739885 99.8776084 100.0352941 100.0244649 99.8640636 100.0196078 100 100 100 100 100 100 100 100 100 100 100 100 100 100 100 100 100 100
99.9984839 99.8613196 100.0196078 99.9433078 99.9919501 100.0196078 99.9143089 100.1551095 100.0 99.9111784 100.323837 100.9568627 100.0595977 100.0027851 100.0 100.1208332 100.1362297 100.9647059 100.2172988 100.2830338 100.9294118 100.0030104 100.329333 100.9372549 99.9632516 100.3292731 100.9372549 100 100 100 100 100 100 100.0443318 100.332007 100.9372549 100 100 100 100 100 100 99.9876534 99.8504511 100.027451 100.0106155 99.8449799 100.027451 99.9754073 99.8750486 100.0352941 100.0244969 99.863977 100.0078431 100 100 100 100 100 100 100 100 100 100 100 100 100 100 100 100 100 100
99.9984937 99.8639852 100.0196078 99.9433668 99.9918884 100.0 99.9142872 100.1551176 100.9843137 99.9097214 100.3238194 100.9411765 100.0581715 100.0028324 100.9960784 100.1071865 100.1523872 100.9490196 100.1806397 100.2994289 100.9294118 100.0015568 100.3320054 100.9294118 99.9617784 100.3292968 100.9215686 100 100 100 100 100 100 100.042882 100.3320169 100.9294118 100 100 100 100 100 100 99.9862778 99.8504554 100.0196078 100.0092467 99.847626 100.0196078 99.974033 99.8750319 100.0392157 100.0260323 99.8666927 100.0196078 100 100 100 100 100 100 100 100 100 100 100 100 100 100 100 100 100 100
99.9985148 99.864019 100.0117647 99.944849 99.9892231 100.0 99.9143077 100.1524939 100.9960784 99.9111391 100.3211471 100.9411765 100.0581666 100.0028686 100.9960784 100.0995025 100.1551969 100.9568627 100.1637314 100.304799 100.9294118 100.0014982 100.3320187 100.9294118 99.9617407 100.3293291 100.9294118 100 100 100 100 100 100 100.0428216 100.332028 100.9294118 100 100 100 100 100 100 99.9862885 99.8504225 100.027451 100.0106532 99.8476258 100.0196078 99.9740515 99.8749204 100.027451 100.0275048 99.8666824 100.0117647 100 100 100 100 100 100 100 100 100 100 100 100 100 100 100 100 100 100
99.9984603 99.8639689 100.9764706 99.944859 99.9891582 100.9647059 99.9142675 100.1523469 100.9568627 99.9096367 100.315721 100.9098039 100.0581304 100.0054051 100.0 100.0948946 100.1606184 100.9098039 100.1484787 100.3156726 100.8901961 99.9999938 100.3292747 100.8901961 99.9602336 100.3265657 100.8901961 100 100 100 100 100 100 100.0413107 100.3293004 100.8901961 100 100 100 100 100 100 99.9862288 99.8503694 100.9921569 100.009194 99.8450054 100.9843137 99.974016 99.8749048 100.0 100.029048 99.866703 100.9647059 100 100 100 100 100 100 100 100 100 100 100 100 100 100 100 100 100 100
99.9984708 99.8613081 100.0588235 99.9448482 99.9865877 100.0588235 99.914273 100.1524362 100.0392157 99.9096441 100.3184314 100.9882353 100.0581256 100.0028893 100.0117647 100.090284 100.1606728 100.0196078 100.1361677 100.3292564 100.9764706 100.0014911 100.3293015 100.9764706 99.9602343 100.3239113 100.9764706 100 100 100 100 100 100 100.0428038 100.3293568 100.9764706 100 100 100 100 100 100 99.9862346 99.8503794 100.0745098 100.0092001 99.845015 100.0666667 99.9754704 99.8748138 100.0745098 100.0290395 99.8640475 100.0588235 100 100 100 100 100 100 100 100 100 100 100 100 100 100 100 100 100 100
99.9969956 99.8613341 100.0196078 99.9433104 99.9865693 100.0196078 99.9128062 100.1524335 100.0196078 99.906682 100.3211249 100.9490196 100.0551744 100.0028872 100.0 100.0780481 100.1715326 100.9568627 100.1071485 100.334748 100.9372549 99.9984629 100.3320932 100.9372549 99.9571923 100.3293583 100.9372549 100 100 100 100 100 100 100.0397876 100.3347493 100.9372549 100 100 100 100 100 100 99.9862242 99.8503433 100.027451 100.0076679 99.8450158 100.027451 99.9739871 99.8748242 100.0352941 100.0275409 99.8640165 100.0196078 100 100 100 100 100 100 100 100 100 100 100 100 100 100 100 100 100 100
99.9984771 99.8639598 100.0313725 99.9433108 99.9891454 100.0196078 99.9142997 100.1549919 100.0117647 99.9066915 100.3237874 100.9607843 100.0551678 100.0054438 100.0117647 100.0765168 100.179481 100.9607843 100.1009799 100.3454873 100.9411765 99.9984808 100.3318985 100.9490196 99.9586715 100.32649 100.9490196 100 100 100 100 100 100 100.0397767 100.3319036 100.9490196 100 100 100 100 100 100 99.9862442 99.8529496 100.0470588 100.0076781 99.8476016 100.0392157 99.9740051 99.8774503 100.0470588 100.0275633 99.8665959 100.0313725 100 100 100 100 100 100 100 100 100 100 100 100 100 100 100 100 100 100
99.998509 99.8639647 100.0196078 99.9418863 99.9891617 100.0196078 99.9143138 100.1550827 100.0 99.9081212 100.3264948 100.9490196 100.0551866 100.0054895 100.9921569 100.0704517 100.1713958 100.9568627 100.091849 100.3375129 100.9372549 99.9969549 100.3320023 100.9372549 99.957198 100.3292422 100.9372549 100 100 100 100 100 100 100.0382704 100.3346774 100.9372549 100 100 100 100 100 100 99.9877682 99.8529652 100.027451 100.0077166 99.8476407 100.027451 99.9755056 99.8749604 100.0352941 100.0275938 99.8666822 100.0196078 100 100 100 100 100 100 100 100 100 100 100 100 100 100 100 100 100 100
99.9999908 99.8639965 100.0 99.9433018 99.989168 100.9921569 99.9143175 100.1524399 100.9843137 99.9067029 100.3238119 100.9372549 100.0551805 100.0054879 100.9921569 100.0689256 100.1687584 100.945098 100.0842098 100.342841 100.9098039 99.9969397 100.3347051 100.9176471 99.957185 100.3319335 100.9176471 100 100 100 100 100 100 100.0382565 100.3374381 100.9098039 100 100 100 100 100 100 99.9892528 99.8529806 100.0078431 100.0077236 99.8476901 100.0 99.9755081 99.8749226 100.0156863 100.0275867 99.8666818 100.0 100 100 100 100 100 100 100 100 100 100 100 100 100 100 100 100 100 100
99.9999938 99.8639688 100.9960784 99.9432998 99.9891513 100.9960784 99.9142524 100.1550074 100.9764706 99.9066364 100.3237501 100.9294118 100.0565908 100.0054395 100.0 100.0688783 100.1633464 100.9294118 100.0795157 100.3347768 100.9098039 99.9969041 100.3319033 100.9098039 99.9571841 100.3237743 100.9098039 100 100 100 100 100 100 100.0382135 100.3346543 100.9098039 100 100 100 100 100 100 99.989242 99.8529393 100.0 100.0091588 99.8476266 100.0 99.9754821 99.8748858 100.0078431 100.0289791 99.8666336 100.9960784 100 100 100 100 100 100 100 100 100 100 100 100 100 100 100 100 100 100
99.9999823 99.8639996 100.0392157 99.9432815 99.9891939 100.0470588 99.9127524 100.1551136 100.0196078 99.9066192 100.3211087 100.9764706 100.0565939 100.0054645 100.0 100.071926 100.1715027 100.9686275 100.0795725 100.3347844 100.9568627 99.9968948 100.3265652 100.9568627 99.9586346 100.3183937 100.9568627 100 100 100 100 100 100 100.0367005 100.3319451 100.9568627 100 100 100 100 100 100 99.9892289 99.8529635 100.0470588 100.0091464 99.847686 100.0470588 99.9739748 99.8748821 100.054902 100.0275463 99.8640241 100.0392157 100 100 100 100 100 100 100 100 100 100 100 100 100 100 100 100 100 100
99.9984884 99.8639741 100.0117647 99.9403732 99.9891648 100.9960784 99.9097583 100.1577143 100.9960784 99.9051321 100.3238062 100.9411765 100.0551485 100.0054589 100.9960784 100.0750246 100.1767588 100.9568627 100.0811463 100.3347653 100.9294118 99.9939664 100.331968 100.9294118 99.9556698 100.3238243 100.9294118 100 100 100 100 100 100 100.0367353 100.3347297 100.9294118 100 100 100 100 100 100 99.9862681 99.8529413 100.0196078 100.0062242 99.8476468 100.0117647 99.9724965 99.8748781 100.027451 100.0274997 99.8666326 100.0 100 100 100 100 100 100 100 100 100 100 100 100 100 100 100 100 100 100
99.9999868 99.8639626 100.0117647 99.9418437 99.9891922 100.0 99.9112684 100.1551291 100.9960784 99.9066094 100.3211222 100.9490196 100.0566185 100.0054375 100.0 100.0780602 100.1687091 100.9568627 100.0872318 100.3346143 100.9294118 99.9969181 100.3319538 100.9294118 99.9571647 100.3238263 100.9294118 100 100 100 100 100 100 100.0382434 100.3346901 100.9294118 100 100 100 100 100 100 99.9877472 99.8529779 100.0196078 100.0077168 99.8476546 100.0196078 99.9739682 99.87496 100.027451 100.0275518 99.8666733 100.0117647 100 100 100 100 100 100 100 100 100 100 100 100 100 100 100 100 100 100
99.9969969 99.8613402 100.0196078 99.9418432 99.9892592 100.0117647 99.9112391 100.1577326 100.9843137 99.9066039 100.3238239 100.9411765 100.0551768 100.0054018 100.0 100.0796835 100.1687603 100.9568627 100.0918469 100.3321027 100.9294118 99.995478 100.3347461 100.9294118 99.957151 100.331965 100.9294118 100 100 100 100 100 100 100.0382862 100.337476 100.9294118 100 100 100 100 100 100 99.9862292 99.8529501 100.0196078 100.0076591 99.8476038 100.0196078 99.9724554 99.8748726 100.027451 100.0260541 99.8613067 100.0196078 100 100 100 100 100 100 100 100 100 100 100 100 100 100 100 100 100 100
99.9969411 99.8612954 100.9882353 99.9418304 99.9892703 100.9764706 99.9112525 100.15774 100.9568627 99.906607 100.3238686 100.9137255 100.0551802 100.0054254 100.9568627 100.082705 100.1741405 100.9137255 100.0933905 100.3346638 100.9019608 99.9954752 100.3347879 100.9019608 99.957133 100.3319987 100.9137255 100 100 100 100 100 100 100.0382891 100.3401862 100.9019608 100 100 100 100 100 100 99.9846971 99.8529937 100.0 100.0062114 99.8449927 100.9960784 99.9724562 99.8749795 100.0 100.0260059 99.863998 100.9882353 100 100 100 100 100 100 100 100 100 100 100 100 100 100 100 100 100 100
99.9969413 99.8613509 100.0196078 99.9433061 99.9919007 100.0078431 99.9127408 100.1578221 100.0 99.908095 100.3265461 100.9490196 100.0566593 100.0053908 100.0078431 100.0857043 100.1687621 100.9647059 100.0963786 100.3320549 100.9372549 99.9984325 100.3347154 100.9372549 99.9586527 100.3293301 100.9294118 100 100 100 100 100 100 100.0397818 100.3374461 100.9372549 100 100 100 100 100 100 99.9847069 99.8530095 100.0352941 100.0076598 99.8449813 100.027451 99.9724358 99.8749563 100.0352941 100.027495 99.8640405 100.0196078 100 100 100 100 100 100 100 100 100 100 100 100 100 100 100 100 100 100
99.9954661 99.8639309 100.0313725 99.9433199 99.994571 100.0117647 99.9128018 100.1605019 100.0117647 99.9081403 100.3292288 100.9686275 100.0566503 100.0054384 100.0117647 100.0887428 100.1660532 100.9764706 100.0979575 100.3318833 100.9490196 99.9969738 100.3373697 100.9490196 99.9586283 100.3319893 100.9490196 100 100 100 100 100 100 100.0397996 100.3374362 100.9490196 100 100 100 100 100 100 99.9832427 99.8556547 100.0392157 100.0075971 99.8476039 100.0313725 99.9709891 99.8776272 100.0470588 100.0229912 99.8639672 100.0313725 100 100 100 100 100 100 100 100 100 100 100 100 100 100 100 100 100 100
99.9969177 99.8638803 100.0196078 99.9433277 99.9945996 100.0078431 99.9157816 100.1604964 100.9921569 99.9096617 100.3318394 100.9568627 100.0581422 100.005429 100.9921569 100.0902535 100.1633391 100.9647059 100.0994322 100.3237891 100.9372549 99.9984926 100.3347065 100.9372549 99.9601537 100.3319409 100.9294118 100 100 100 100 100 100 100.0413041 100.3374013 100.9372549 100 100 100 100 100 100 99.9846953 99.8556149 100.027451 100.0076747 99.8449351 100.0196078 99.9724378 99.877538 100.0352941 100.0244745 99.8639317 100.0196078 100 100 100 100 100 100 100 100 100 100 100 100 100 100 100 100 100 100
