99.998474 99.8530836 100.0352941 99.9479782 100.0054379 100.0 99.9266046 100.163292 100.9921569 99.9112434 100.3238702 100.9372549 100.0535864 99.9972452 100.0 100.0780527 100.1496305 100.945098 100.0872967 100.30197 100.9098039 100.0030971 100.302071 100.9098039 99.9632727 100.3020193 100.9176471 100 100 100 100 100 100 100.0459443 100.3020834 100.9098039 100 100 100 100 100 100 99.9862864 99.8448202 100.0352941 100.0092103 99.8447905 100.0352941 99.9724492 99.8693846 100.027451 100.0229094 99.8694424 100.0078431 100 100 100 100 100 100 100 100 100 100 100 100 100 100 100 100 100 100
99.9984869 99.8531162 100.0352941 99.9479692 100.0054724 100.0 99.926611 100.1633 100.972549 99.9112544 100.3238974 100.9372549 100.0536024 99.997231 100.0 100.0780816 100.1497244 100.945098 100.0872693 100.301993 100.9098039 100.0031102 100.3047807 100.9098039 99.9632824 100.3047361 100.9294118 100 100 100 100 100 100 100.0459558 100.3048129 100.9098039 100 100 100 100 100 100 99.9863025 99.8448358 100.0431373 100.0092115 99.8447867 100.0431373 99.9724597 99.8693909 100.027451 100.0229079 99.8693792 100.0078431 100 100 100 100 100 100 100 100 100 100 100 100 100 100 100 100 100 100
99.9984714 99.8531254 100.0352941 99.9479708 100.0054624 100.0 99.9265886 100.165972 100.9921569 99.9112324 100.3238508 100.9294118 100.053605 99.9972365 100.0 100.0796149 100.1523294 100.945098 100.0872637 100.3020786 100.9098039 100.0045758 100.3074599 100.9176471 99.9632847 100.3048088 100.9176471 100 100 100 100 100 100 100.0473955 100.3075039 100.9176471 100 100 100 100 100 100 99.9862917 99.844852 100.0352941 100.0091941 99.8448051 100.0352941 99.9724653 99.869416 100.027451 100.0229014 99.8694088 100.0156863 100 100 100 100 100 100 100 100 100 100 100 100 100 100 100 100 100 100
99.9985106 99.8557315 100.0352941 99.9479941 100.0054365 100.0 99.9266185 100.1632642 100.972549 99.9112419 100.3237823 100.9294118 100.055077 99.9972355 100.0 100.0780697 100.1497473 100.945098 100.087263 100.3020215 100.9098039 100.0046219 100.3047927 100.9098039 99.9633113 100.3074464 100.9294118 100 100 100 100 100 100 100.0474197 100.3074782 100.9176471 100 100 100 100 100 100 99.9876975 99.8448664 100.0352941 100.0092169 99.844776 100.0352941 99.9724782 99.8693662 100.027451 100.0228999 99.8693539 100.0156863 100 100 100 100 100 100 100 100 100 100 100 100 100 100 100 100 100 100
99.9985043 99.8557411 100.0352941 99.9494228 100.0054104 100.0 99.9280355 100.1605343 100.9843137 99.9112455 100.3237234 100.9372549 100.0550817 99.9972454 100.0 100.0780344 100.1497035 100.945098 100.087251 100.3021331 100.9098039 100.0060981 100.3047749 100.9098039 99.9632949 100.3047936 100.9176471 100 100 100 100 100 100 100.047415 100.3047633 100.9098039 100 100 100 100 100 100 99.9876944 99.8448809 100.0431373 100.0106215 99.8448 100.0431373 99.9738877 99.8693655 100.0156863 100.0228873 99.8693292 100.0156863 100 100 100 100 100 100 100 100 100 100 100 100 100 100 100 100 100 100
99.9985007 99.8557317 100.0352941 99.9494293 100.0054242 100.0 99.9266101 100.1632205 100.972549 99.9112408 100.3236679 100.9294118 100.0550781 99.9972303 100.0 100.076549 100.1496337 100.945098 100.0872534 100.3020269 100.9098039 100.0030739 100.3074856 100.9176471 99.963254 100.3074745 100.9294118 100 100 100 100 100 100 100.0473789 100.3101828 100.9176471 100 100 100 100 100 100 99.9876901 99.8448622 100.0352941 100.0106246 99.8447777 100.0352941 99.9738932 99.8693423 100.027451 100.0229114 99.869281 100.0156863 100 100 100 100 100 100 100 100 100 100 100 100 100 100 100 100 100 100
99.9999034 99.8557269 100.0352941 99.949409 100.0053754 100.0 99.926545 100.160539 100.9921569 99.9096763 100.3183024 100.9294118 100.0550651 99.9972683 100.0078431 100.0765167 100.1522953 100.945098 100.087226 100.3020423 100.9098039 100.0045648 100.307404 100.9098039 99.9632651 100.3074102 100.9176471 100 100 100 100 100 100 100.0473555 100.3074548 100.9098039 100 100 100 100 100 100 99.9877148 99.8448158 100.0352941 100.0106379 99.8447797 100.0352941 99.9738993 99.8693007 100.027451 100.0229097 99.8693954 100.0156863 100 100 100 100 100 100 100 100 100 100 100 100 100 100 100 100 100 100
99.9999181 99.8557262 100.0352941 99.949402 100.0053718 100.0078431 99.9265451 100.160483 100.9921569 99.9066135 100.3128631 100.9294118 100.0550734 99.9972863 100.0 100.0765221 100.1496211 100.9568627 100.0872286 100.302035 100.9098039 100.0045535 100.3073998 100.9098039 99.9632632 100.3074079 100.9176471 100 100 100 100 100 100 100.0473454 100.3074318 100.9098039 100 100 100 100 100 100 99.9877268 99.8448176 100.0352941 100.0106511 99.8448039 100.0352941 99.9739047 99.8693293 100.027451 100.0229181 99.8693784 100.0156863 100 100 100 100 100 100 100 100 100 100 100 100 100 100 100 100 100 100
99.9999263 99.8557488 100.027451 99.9493996 100.0053508 100.0 99.926506 100.1604582 100.9764706 99.9050878 100.307354 100.9294118 100.0550824 99.9972855 100.0 100.0764879 100.1496439 100.9372549 100.0872053 100.3019852 100.9019608 100.0045312 100.3046898 100.9019608 99.9632869 100.3046683 100.9019608 100 100 100 100 100 100 100.0458932 100.3074054 100.9019608 100 100 100 100 100 100 99.9877368 99.8448108 100.0352941 100.0106842 99.8448069 100.0352941 99.9739293 99.8693393 100.0196078 100.0229412 99.8693378 100.0078431 100 100 100 100 100 100 100 100 100 100 100 100 100 100 100 100 100 100
99.999945 99.8557724 100.0352941 99.9493964 100.0053444 100.0078431 99.9264822 100.1577983 100.9843137 99.903553 100.2938473 100.9372549 100.056552 99.9973061 100.0078431 100.0765028 100.1522352 100.945098 100.0872059 100.3046108 100.9098039 100.0045112 100.3047037 100.9098039 99.9632476 100.3046811 100.9294118 100 100 100 100 100 100 100.0458755 100.3074262 100.9098039 100 100 100 100 100 100 99.9877561 99.8448224 100.0352941 100.0106902 99.8448569 100.0352941 99.973939 99.8694125 100.027451 100.0229431 99.8693714 100.027451 100 100 100 100 100 100 100 100 100 100 100 100 100 100 100 100 100 100
99.9999595 99.8584141 100.027451 99.9493844 100.0053168 100.0 99.92642910000001 100.1550179 100.9764706 99.9003826 100.2612548 100.9294118 100.0565641 99.9998298 100.0 100.0780227 100.1523728 100.9372549 100.0871986 100.3045793 100.9098039 100.0045043 100.301926 100.9098039 99.9632362 100.296503 100.9098039 100 100 100 100 100 100 100.0458519 100.3046775 100.9098039 100 100 100 100 100 100 99.9877783 99.8448176 100.0352941 100.010714 99.8448784 100.0352941 99.9739799 99.869396 100.0196078 100.0229515 99.8694137 100.0196078 100 100 100 100 100 100 100 100 100 100 100 100 100 100 100 100 100 100
99.9999712 99.8610812 100.027451 99.9493832 100.0053449 100.0 99.924976 100.15505 100.9647059 99.8896691 100.2447632 100.9294118 100.0565785 99.9998277 100.0 100.0780234 100.1522584 100.9372549 100.0871952 100.3045661 100.9098039 100.0045272 100.3019725 100.9098039 99.9632465 100.3018926 100.9215686 100 100 100 100 100 100 100.0473112 100.3046863 100.9098039 100 100 100 100 100 100 99.9891914 99.8448505 100.027451 100.0121108 99.8448988 100.027451 99.9739814 99.8694113 100.027451 100.022956 99.8693942 100.0196078 100 100 100 100 100 100 100 100 100 100 100 100 100 100 100 100 100 100
99.9999622 99.8610901 100.027451 99.949388 100.0053205 100.0 99.9249434 100.1577117 100.9647059 99.8851172 100.2149837 100.9215686 100.0565648 99.999813 100.0 100.0779712 100.1496617 100.9372549 100.0871936 100.3020365 100.9019608 100.0044948 100.3019727 100.9019608 99.9631911 100.3018926 100.9098039 100 100 100 100 100 100 100.0458685 100.3046779 100.9098039 100 100 100 100 100 100 99.9891864 99.8448557 100.0352941 100.0121001 99.8449052 100.0352941 99.9753697 99.8694298 100.027451 100.0243463 99.8694098 100.0196078 100 100 100 100 100 100 100 100 100 100 100 100 100 100 100 100 100 100
99.9999331 99.8637488 100.027451 99.9493831 100.0053564 100.0 99.9218728 100.1604296 100.9647059 99.8743839 100.1494762 100.8823529 100.0580441 99.9998207 100.0 100.0795429 100.1523608 100.9490196 100.0872162 100.3045613 100.9098039 100.0045237 100.3018954 100.9098039 99.963237 100.2991934 100.9098039 100 100 100 100 100 100 100.0458708 100.3019473 100.9098039 100 100 100 100 100 100 99.9877646 99.8449127 100.0352941 100.0106872 99.8474468 100.0352941 99.9739624 99.872061 100.027451 100.0229207 99.8720272 100.0196078 100 100 100 100 100 100 100 100 100 100 100 100 100 100 100 100 100 100
99.999892 99.8637807 100.0352941 99.9493812 100.0053707 100.0078431 99.9188056 100.1604244 100.9372549 99.8683216 100.1088069 100.9098039 100.0580468 99.9998388 100.0 100.0810246 100.1523611 100.9568627 100.0872189 100.3046157 100.9176471 100.0045233 100.2992452 100.9098039 99.9632304 100.299184 100.9098039 100 100 100 100 100 100 100.0458436 100.3019297 100.9176471 100 100 100 100 100 100 99.9877334 99.8474316 100.0431373 100.0106505 99.847459 100.0431373 99.9739437 99.8747161 100.0352941 100.0229081 99.8720537 100.027451 100 100 100 100 100 100 100 100 100 100 100 100 100 100 100 100 100 100
99.9984884 99.8637394 100.0352941 99.9493836 100.0053714 100.0078431 99.914256 100.1604169 100.945098 99.8668123 100.0733849 100.9176471 100.0565987 99.9998174 100.0 100.0795415 100.1521996 100.945098 100.0872437 100.304565 100.9098039 100.0045226 100.2991611 100.9098039 99.9632418 100.2964946 100.9098039 100 100 100 100 100 100 100.0458772 100.2991896 100.9098039 100 100 100 100 100 100 99.9877012 99.847439 100.0431373 100.0106244 99.8474197 100.0431373 99.9739286 99.8747485 100.027451 100.0229038 99.8720055 100.027451 100 100 100 100 100 100 100 100 100 100 100 100 100 100 100 100 100 100
99.9984025 99.8638099 100.0470588 99.9494032 100.002671 100.0117647 99.9096127 100.1468485 100.9764706 99.8743519 100.016283 100.9568627 100.0580274 99.9998773 100.0 100.0825543 100.1577584 100.9686275 100.0886779 100.3046008 100.9294118 100.0060159 100.3018881 100.9215686 99.9632413 100.2992212 100.9294118 100 100 100 100 100 100 100.0473098 100.3019195 100.9215686 100 100 100 100 100 100 99.9876088 99.84749 100.054902 100.0105531 99.8474414 100.054902 99.9738748 99.877433 100.0470588 100.022853 99.872095 100.0392157 100 100 100 100 100 100 100 100 100 100 100 100 100 100 100 100 100 100
99.9983737 99.863895 100.027451 99.9494058 100.0026536 100.0 99.902043 100.138708 100.9372549 99.8774942 99.9971486 100.9294118 100.0565697 99.9998934 100.0 100.0810607 100.1550102 100.9372549 100.0886706 100.3046022 100.9098039 100.0075514 100.304659 100.9098039 99.9647017 100.3020168 100.9098039 100 100 100 100 100 100 100.0473567 100.30468 100.9098039 100 100 100 100 100 100 99.9861961 99.8475849 100.0352941 100.0091136 99.8475091 100.0352941 99.9738455 99.877513 100.0196078 100.0228061 99.8720793 100.0196078 100 100 100 100 100 100 100 100 100 100 100 100 100 100 100 100 100 100
99.998359 99.8638891 100.0352941 99.9494183 100.0026523 100.0 99.9004045 100.1304749 100.9647059 99.8866879 99.9781412 100.945098 100.0565601 99.999872 100.0 100.0810579 100.1524266 100.9568627 100.088704 100.3046058 100.9176471 100.0075383 100.3046339 100.9176471 99.9646926 100.3020008 100.9176471 100 100 100 100 100 100 100.0473735 100.3046641 100.9176471 100 100 100 100 100 100 99.986191 99.8475776 100.0431373 100.0090926 99.84747 100.0431373 99.9738486 99.8775284 100.027451 100.0228226 99.8720121 100.027451 100 100 100 100 100 100 100 100 100 100 100 100 100 100 100 100 100 100
99.9984151 99.8664716 100.0470588 99.9493834 100.0001101 100.0117647 99.8928018 100.1196921 100.9686275 99.8928316 99.9564984 100.9843137 100.0565981 99.9999079 100.0 100.0795768 100.1523155 100.9686275 100.0872597 100.302029 100.9294118 100.0060802 100.3019776 100.9294118 99.9647578 100.3019577 100.9294118 100 100 100 100 100 100 100.0473855 100.3020169 100.9294118 100 100 100 100 100 100 99.9862432 99.8476415 100.054902 100.0091708 99.847563 100.054902 99.9739173 99.877561 100.0470588 100.0228854 99.8747576 100.0392157 100 100 100 100 100 100 100 100 100 100 100 100 100 100 100 100 100 100
99.9984372 99.8639432 100.0352941 99.9493794 100.002631 100.0 99.8897289 100.1142129 100.9568627 99.892814 99.9509342 100.972549 100.0566072 99.9999254 100.0 100.0795604 100.1523484 100.945098 100.0872525 100.3019955 100.9176471 100.0076137 100.3019318 100.9176471 99.964791 100.301914 100.9176471 100 100 100 100 100 100 100.0474284 100.3019297 100.9176471 100 100 100 100 100 100 99.9876477 99.8475847 100.0431373 100.0105946 99.8475263 100.0431373 99.9739335 99.8775188 100.0352941 100.0228867 99.8720779 100.027451 100 100 100 100 100 100 100 100 100 100 100 100 100 100 100 100 100 100
99.9984481 99.863912 100.0352941 99.9493896 100.0000739 100.0078431 99.8882562 100.1114843 100.9647059 99.8897529 99.9482591 100.972549 100.0565979 99.9999374 100.0 100.0810337 100.1549987 100.945098 100.0872462 100.3046524 100.9176471 100.0090714 100.3019471 100.9176471 99.9662887 100.3019166 100.9176471 100 100 100 100 100 100 100.0474027 100.3019379 100.9176471 100 100 100 100 100 100 99.9876644 99.8476161 100.0431373 100.0105896 99.8475349 100.0431373 99.9739416 99.8802121 100.0352941 100.0229 99.8721224 100.027451 100 100 100 100 100 100 100 100 100 100 100 100 100 100 100 100 100 100
99.998404 99.8639372 100.0470588 99.9479497 99.9999885 100.0117647 99.8882194 100.1061287 100.9568627 99.8744154 99.9508947 100.9960784 100.056604 100.0000379 100.0 100.0780519 100.1550449 100.9568627 100.0857097 100.3020724 100.9294118 100.0060872 100.3020059 100.9294118 99.9632452 100.3019726 100.9294118 100 100 100 100 100 100 100.0459219 100.3020353 100.9294118 100 100 100 100 100 100 99.9862592 99.8475899 100.054902 100.0091746 99.8475866 100.054902 99.972501 99.8775045 100.0470588 100.0228889 99.8721178 100.0392157 100 100 100 100 100 100 100 100 100 100 100 100 100 100 100 100 100 100
99.9984826 99.8639124 100.0470588 99.9479581 100.0000088 100.0117647 99.8881905 100.1033316 100.9764706 99.8622471 99.9536423 100.9843137 100.0566168 100.000039 100.0 100.0780277 100.1524067 100.9686275 100.0857041 100.3020341 100.9294118 100.0045616 100.2992911 100.9294118 99.9632329 100.2992325 100.9215686 100 100 100 100 100 100 100.0458593 100.3019586 100.9294118 100 100 100 100 100 100 99.9877338 99.8475608 100.054902 100.0106352 99.8475736 100.054902 99.9739391 99.8774698 100.0470588 100.0229028 99.8721219 100.0470588 100 100 100 100 100 100 100 100 100 100 100 100 100 100 100 100 100 100
99.9984956 99.8639335 100.0352941 99.9479601 100.0000122 100.9921569 99.8866992 100.0978648 100.9568627 99.8514943 99.9564177 100.9647059 100.0566375 100.0000446 100.0 100.0780233 100.1524333 100.9568627 100.0856945 100.3019592 100.9176471 100.006069 100.3019449 100.9176471 99.963282 100.2992675 100.9176471 100 100 100 100 100 100 100.0458908 100.3019714 100.9176471 100 100 100 100 100 100 99.9877636 99.8475402 100.0431373 100.0106779 99.8475933 100.0431373 99.9739694 99.874755 100.0352941 100.0229556 99.8747573 100.027451 100 100 100 100 100 100 100 100 100 100 100 100 100 100 100 100 100 100
99.9999406 99.8664702 100.0352941 99.9479376 99.99999 100.9921569 99.8821307 100.0924027 100.9568627 99.833157 99.9591496 100.9647059 100.0580671 100.0000813 100.0 100.0780018 100.1524152 100.9568627 100.0856972 100.3046441 100.9176471 100.006064 100.3019503 100.9176471 99.96325 100.2992412 100.9176471 100 100 100 100 100 100 100.0458779 100.3019937 100.9176471 100 100 100 100 100 100 99.9892855 99.8475714 100.0431373 100.0107324 99.8476088 100.0431373 99.9740124 99.8748007 100.0352941 100.0229943 99.8775036 100.027451 100 100 100 100 100 100 100 100 100 100 100 100 100 100 100 100 100 100
99.9999575 99.8664615 100.0352941 99.9479578 99.9999927 100.9921569 99.8821336 100.0925049 100.9568627 99.8301112 99.9619037 100.9647059 100.0580942 100.0025959 100.0078431 100.0765058 100.1523592 100.945098 100.0857219 100.3046694 100.9176471 100.0045983 100.2992468 100.9098039 99.9632751 100.2965374 100.9098039 100 100 100 100 100 100 100.0458742 100.3019048 100.9176471 100 100 100 100 100 100 99.9907752 99.847548 100.0431373 100.0107636 99.8476078 100.0431373 99.975467 99.8747705 100.0352941 100.0230322 99.8774962 100.027451 100 100 100 100 100 100 100 100 100 100 100 100 100 100 100 100 100 100
99.9999858 99.8664607 100.0352941 99.9479393 99.9999805 100.9921569 99.885153 100.1032315 100.9647059 99.8347137 99.9618702 100.9647059 100.0566587 100.0026008 100.0 100.0780462 100.1550719 100.945098 100.0857511 100.3046922 100.9176471 100.0061247 100.3046866 100.9176471 99.9633027 100.3046496 100.9294118 100 100 100 100 100 100 100.0459405 100.3047337 100.9176471 100 100 100 100 100 100 99.9908221 99.8475379 100.0431373 100.0107838 99.8476273 100.0431373 99.9754849 99.8747329 100.0352941 100.0230456 99.8775347 100.0352941 100 100 100 100 100 100 100 100 100 100 100 100 100 100 100 100 100 100
99.9999956 99.8664601 100.0352941 99.9479983 99.9999881 100.0078431 99.8882635 100.1114436 100.945098 99.8515082 99.9618065 100.9568627 100.0566257 100.0000139 100.0 100.0765489 100.1523956 100.945098 100.0857926 100.3073875 100.9176471 100.0046181 100.3020037 100.9176471 99.9618269 100.301997 100.9294118 100 100 100 100 100 100 100.0459155 100.3020067 100.9176471 100 100 100 100 100 100 99.9908247 99.8475063 100.0431373 100.0107916 99.8476365 100.0431373 99.9740568 99.8721087 100.0352941 100.0230296 99.8774988 100.0352941 100 100 100 100 100 100 100 100 100 100 100 100 100 100 100 100 100 100
100.0000127 99.8664323 100.0352941 99.9494093 100.0000354 100.0078431 99.8898025 100.1249878 100.9372549 99.8652452 99.967269 100.9568627 100.0580344 99.9999901 100.0 100.0794864 100.1523568 100.9568627 100.0872075 100.3047539 100.9176471 100.0060416 100.3046189 100.9176471 99.9646983 100.3046244 100.9176471 100 100 100 100 100 100 100.0473566 100.3046518 100.9176471 100 100 100 100 100 100 99.9907599 99.8474851 100.0431373 100.012217 99.8476231 100.0431373 99.975448 99.8720992 100.0352941 100.0244393 99.8801233 100.0352941 100 100 100 100 100 100 100 100 100 100 100 100 100 100 100 100 100 100
99.9999894 99.86388 100.0352941 99.9494009 100.0025956 100.0078431 99.891309 100.1304227 100.945098 99.8775037 99.9699435 100.945098 100.0580405 99.9999319 100.0 100.079507 100.1549736 100.945098 100.0872332 100.3047148 100.9176471 100.0060756 100.3046616 100.9176471 99.9647196 100.3046683 100.9176471 100 100 100 100 100 100 100.0473836 100.3046917 100.9176471 100 100 100 100 100 100 99.989271 99.8474661 100.0431373 100.0121913 99.8475989 100.0431373 99.9754286 99.8720907 100.0352941 100.0244151 99.8801117 100.027451 100 100 100 100 100 100 100 100 100 100 100 100 100 100 100 100 100 100
99.9999629 99.8664577 100.027451 99.9494044 100.0026074 100.0 99.895837 100.1360155 100.9490196 99.9019496 99.9755029 100.9568627 100.0565617 99.9999201 100.0 100.0795167 100.1550115 100.9372549 100.0872258 100.3047532 100.9098039 100.0060734 100.3046814 100.9098039 99.9647188 100.3020131 100.9019608 100 100 100 100 100 100 100.0473715 100.3047325 100.9098039 100 100 100 100 100 100 99.9892449 99.8475481 100.0352941 100.0121316 99.847666 100.0352941 99.9753874 99.8747239 100.0196078 100.0243741 99.8774822 100.0196078 100 100 100 100 100 100 100 100 100 100 100 100 100 100 100 100 100 100
99.9999488 99.8638769 100.027451 99.9494089 100.0025845 100.0078431 99.8928516 100.1440674 100.9568627 99.9020713 99.9780669 100.9647059 100.0565794 99.9998831 100.0 100.0795222 100.1523397 100.9490196 100.0872164 100.3045563 100.9098039 100.0045438 100.3018986 100.9098039 99.9632811 100.2992275 100.9098039 100 100 100 100 100 100 100.0458911 100.3019316 100.9098039 100 100 100 100 100 100 99.9877983 99.8474864 100.0352941 100.0107211 99.847592 100.0352941 99.9739804 99.8747115 100.027451 100.0229681 99.877436 100.0196078 100 100 100 100 100 100 100 100 100 100 100 100 100 100 100 100 100 100
99.9984963 99.8638907 100.0352941 99.9480075 100.002581 100.0156863 99.8943987 100.1414129 100.9843137 99.8959439 99.9780625 100.9647059 100.0565977 99.999929 100.0 100.0780806 100.1523445 100.9568627 100.0857264 100.3019076 100.9176471 100.0031046 100.3018945 100.9176471 99.9618251 100.301871 100.9176471 100 100 100 100 100 100 100.0444209 100.3019176 100.9176471 100 100 100 100 100 100 99.9863365 99.8475006 100.0431373 100.0092614 99.8475825 100.0431373 99.9725173 99.8747318 100.0352941 100.021505 99.8747946 100.027451 100 100 100 100 100 100 100 100 100 100 100 100 100 100 100 100 100 100
99.9984967 99.8638478 100.0352941 99.9479962 100.0025887 100.0078431 99.8959151 100.1359309 100.9568627 99.8852469 99.9753548 100.9647059 100.0565889 99.9999288 100.0 100.0765162 100.1522033 100.9568627 100.0857146 100.3018634 100.9176471 100.0045727 100.3019291 100.9176471 99.9618189 100.3019222 100.9176471 100 100 100 100 100 100 100.0458512 100.3019352 100.9176471 100 100 100 100 100 100 99.9863285 99.8474791 100.0431373 100.0092604 99.8475446 100.0431373 99.9725037 99.8747466 100.0352941 100.0214999 99.8747478 100.027451 100 100 100 100 100 100 100 100 100 100 100 100 100 100 100 100 100 100
99.9985128 99.8638741 100.0352941 99.9479777 100.0000333 100.0078431 99.8959043 100.1277502 100.9568627 99.8607208 99.9782136 100.9568627 100.0566225 99.9999989 100.0 100.0780549 100.1549625 100.9568627 100.085687 100.3018125 100.9176471 100.0046125 100.3046082 100.9176471 99.963257 100.3045901 100.9294118 100 100 100 100 100 100 100.0458874 100.3046406 100.9176471 100 100 100 100 100 100 99.9877812 99.847493 100.0431373 100.0106833 99.8475686 100.0431373 99.973939 99.8747358 100.0352941 100.0229234 99.8747287 100.027451 100 100 100 100 100 100 100 100 100 100 100 100 100 100 100 100 100 100
99.9985071 99.8664061 100.0470588 99.9479869 100.0000284 100.0196078 99.8943435 100.1249709 100.9490196 99.8499502 99.9782488 100.9568627 100.0565884 100.0000173 100.0 100.0780158 100.1523523 100.9686275 100.0856687 100.2992368 100.9294118 100.007584 100.3046351 100.9294118 99.9632778 100.3019689 100.9294118 100 100 100 100 100 100 100.0459203 100.3046881 100.9294118 100 100 100 100 100 100 99.987777 99.8475104 100.054902 100.0106929 99.8475815 100.054902 99.9739461 99.8747314 100.0470588 100.0229341 99.8774046 100.0392157 100 100 100 100 100 100 100 100 100 100 100 100 100 100 100 100 100 100
99.9984947 99.866411 100.0470588 99.9493921 99.9999831 100.0196078 99.8928164 100.1168886 100.9568627 99.8407566 99.9835159 100.9686275 100.0565782 100.0025543 100.0 100.0779998 100.1549475 100.9568627 100.0856454 100.3019218 100.9294118 100.0060863 100.301847 100.9294118 99.9632602 100.299196 100.9294118 100 100 100 100 100 100 100.0458541 100.3018841 100.9294118 100 100 100 100 100 100 99.9892125 99.8475317 100.054902 100.0106874 99.8476214 100.054902 99.9739492 99.8747317 100.0470588 100.0229317 99.8801225 100.0392157 100 100 100 100 100 100 100 100 100 100 100 100 100 100 100 100 100 100
99.9985562 99.86646 100.027451 99.9479968 100.0025341 100.9960784 99.8944144 100.1223421 100.9372549 99.8408601 99.9862499 100.9490196 100.0565988 100.0000078 100.0 100.0780322 100.1550265 100.9490196 100.0857156 100.3045708 100.9098039 100.0061294 100.3018642 100.9098039 99.9633046 100.2992067 100.9098039 100 100 100 100 100 100 100.0459017 100.3019072 100.9098039 100 100 100 100 100 100 99.9893171 99.8475215 100.0352941 100.0107578 99.8476474 100.0352941 99.9740145 99.8746629 100.027451 100.0229764 99.8801536 100.027451 100 100 100 100 100 100 100 100 100 100 100 100 100 100 100 100 100 100
100.000014 99.8639068 100.0352941 99.9494103 100.0000878 100.0078431 99.8974125 100.1250964 100.945098 99.8499063 99.978273 100.9647059 100.0565905 99.9974143 100.0 100.0779754 100.1496207 100.9568627 100.0871891 100.2994576 100.9176471 100.0060808 100.2993852 100.9176471 99.9647322 100.2993702 100.9176471 100 100 100 100 100 100 100.047351 100.3020477 100.9176471 100 100 100 100 100 100 99.9907624 99.8449565 100.0431373 100.0122222 99.845111 100.0431373 99.9754493 99.8721154 100.0352941 100.0244364 99.877647 100.0352941 100 100 100 100 100 100 100 100 100 100 100 100 100 100 100 100 100 100
100.0000176 99.8664225 100.027451 99.9493969 100.0026039 100.0 99.8989185 100.1304767 100.9647059 99.857584 99.9835084 100.9372549 100.0565921 99.9999693 100.0 100.0780098 100.1523773 100.9490196 100.0871943 100.3045829 100.9098039 100.0060793 100.3018913 100.9019608 99.9647415 100.3018887 100.9098039 100 100 100 100 100 100 100.047341 100.3019353 100.9019608 100 100 100 100 100 100 99.9907517 99.8474908 100.0352941 100.0122129 99.8476602 100.0352941 99.9754331 99.874664 100.027451 100.0244201 99.8801415 100.0196078 100 100 100 100 100 100 100 100 100 100 100 100 100 100 100 100 100 100
100.0000003 99.8664015 100.027451 99.9494144 100.0026323 100.0078431 99.8988973 100.1441149 100.9490196 99.8775541 99.9863406 100.9372549 100.0565578 99.9999091 100.0 100.0764817 100.1522551 100.9490196 100.0871975 100.3047208 100.9098039 100.0060555 100.2992208 100.9019608 99.9647357 100.2991784 100.9019608 100 100 100 100 100 100 100.0473305 100.3019044 100.9098039 100 100 100 100 100 100 99.9892676 99.847493 100.0352941 100.0121828 99.8476348 100.0352941 99.9739971 99.8746978 100.0196078 100.0243884 99.8802007 100.0196078 100 100 100 100 100 100 100 100 100 100 100 100 100 100 100 100 100 100
99.9999761 99.8663729 100.0196078 99.9494137 100.0026749 100.0 99.8973986 100.1468285 100.9490196 99.8897131 99.9889614 100.9294118 100.0550751 99.9998526 100.0 100.0764943 100.1522227 100.9411765 100.0872241 100.3045398 100.9019608 100.0045866 100.30193 100.8941176 99.9632982 100.3019322 100.8941176 100 100 100 100 100 100 100.0473481 100.3045847 100.9019608 100 100 100 100 100 100 99.9892298 99.8474538 100.027451 100.010751 99.8475937 100.027451 99.9739869 99.8746693 100.0196078 100.02298 99.877388 100.0117647 100 100 100 100 100 100 100 100 100 100 100 100 100 100 100 100 100 100
99.9999826 99.8638635 100.027451 99.9479654 100.0052678 100.0078431 99.892877 100.1494543 100.9764706 99.9004293 99.9943777 100.9568627 100.0550967 99.9998356 100.0 100.0750452 100.1495547 100.9490196 100.0872378 100.3045186 100.9098039 100.0061218 100.3019231 100.9098039 99.9648027 100.3019162 100.9098039 100 100 100 100 100 100 100.0473866 100.3045726 100.9098039 100 100 100 100 100 100 99.9878259 99.8474754 100.0352941 100.0107562 99.8475871 100.0352941 99.9739785 99.8747493 100.0196078 100.0229869 99.8801115 100.0078431 100 100 100 100 100 100 100 100 100 100 100 100 100 100 100 100 100 100
99.999968 99.8612732 100.0078431 99.9479702 100.0028172 100.9843137 99.8898189 100.1469791 100.945098 99.9112535 99.9945387 100.9372549 100.055102 99.9973039 100.0 100.0765924 100.1497001 100.9294118 100.0873193 100.3020013 100.8901961 100.0046382 100.3020502 100.8901961 99.9633297 100.3020494 100.8901961 100 100 100 100 100 100 100.0474191 100.3020973 100.8901961 100 100 100 100 100 100 99.9878002 99.8449185 100.0156863 100.0107317 99.8450289 100.0156863 99.9739649 99.8695284 100.0078431 100.0229418 99.8775903 100.9921569 100 100 100 100 100 100 100 100 100 100 100 100 100 100 100 100 100 100
99.9999666 99.8638396 100.027451 99.9479593 100.0028161 100.0078431 99.8898427 100.1469987 100.9647059 99.9112134 99.9945458 100.9568627 100.0536107 99.9972995 100.0 100.0765784 100.1497203 100.9490196 100.0873305 100.3020388 100.9098039 100.0046105 100.2993857 100.9098039 99.9633383 100.2993729 100.9098039 100 100 100 100 100 100 100.045962 100.2994038 100.9098039 100 100 100 100 100 100 99.9877941 99.8449568 100.0352941 100.0107348 99.8450637 100.0352941 99.9739602 99.8721536 100.027451 100.0229577 99.874904 100.0196078 100 100 100 100 100 100 100 100 100 100 100 100 100 100 100 100 100 100
99.9999449 99.8613061 100.027451 99.9479628 100.0027682 100.0 99.8913827 100.1469424 100.9568627 99.903594 99.9837427 100.9647059 100.0550941 99.9973006 100.0 100.0780509 100.1496645 100.9490196 100.0872996 100.2993782 100.9019608 100.0061301 100.2966329 100.9019608 99.9648234 100.2966093 100.9019608 100 100 100 100 100 100 100.0473974 100.2966574 100.9019608 100 100 100 100 100 100 99.9877795 99.8449454 100.0352941 100.0107056 99.8450496 100.0352941 99.9739496 99.8721336 100.0196078 100.0229261 99.8748539 100.0078431 100 100 100 100 100 100 100 100 100 100 100 100 100 100 100 100 100 100
99.9999348 99.8664114 100.0352941 99.9494129 100.0026635 100.0156863 99.8989555 100.1468262 100.9568627 99.8881752 99.9835197 100.9568627 100.0550687 99.9998711 100.0 100.0780269 100.1522625 100.9568627 100.0872732 100.3019133 100.9176471 100.004592 100.3019475 100.9176471 99.9633121 100.3045782 100.9294118 100 100 100 100 100 100 100.0473739 100.3046081 100.9176471 100 100 100 100 100 100 99.9877692 99.847522 100.0431373 100.0106888 99.8476211 100.0431373 99.9739345 99.8746861 100.0352941 100.0229167 99.8774435 100.027451 100 100 100 100 100 100 100 100 100 100 100 100 100 100 100 100 100 100
99.999954 99.8638607 100.0352941 99.9494188 100.0001489 100.0156863 99.9004576 100.144181 100.9647059 99.8760747 99.9864546 100.9568627 100.0550665 99.9973514 100.0 100.0765478 100.14966 100.9568627 100.0872787 100.3019733 100.9176471 100.0045909 100.2993989 100.9176471 99.9633021 100.2993768 100.9176471 100 100 100 100 100 100 100.0459212 100.3020322 100.9176471 100 100 100 100 100 100 99.9877845 99.8449623 100.0431373 100.0106964 99.8450525 100.0431373 99.9739367 99.8721298 100.0352941 100.0229013 99.8748974 100.0156863 100 100 100 100 100 100 100 100 100 100 100 100 100 100 100 100 100 100
99.9999544 99.8638515 100.0352941 99.9494246 100.0027196 100.0078431 99.9005277 100.1388218 100.9647059 99.8668627 99.9918393 100.9372549 100.0550793 99.997367 100.0 100.0780191 100.1498037 100.9568627 100.0872572 100.2993462 100.9176471 100.0076067 100.2993735 100.9176471 99.9647981 100.299346 100.9176471 100 100 100 100 100 100 100.0473879 100.3020306 100.9176471 100 100 100 100 100 100 99.9877846 99.8449682 100.0431373 100.0107091 99.8450568 100.0431373 99.973955 99.8721576 100.0352941 100.0229339 99.8775767 100.0156863 100 100 100 100 100 100 100 100 100 100 100 100 100 100 100 100 100 100
99.9999912 99.8638379 100.0352941 99.9494295 100.0027261 100.0078431 99.9020039 100.1414488 100.9372549 99.8545766 99.9972807 100.945098 100.0550951 99.9973713 100.0 100.0765214 100.1495738 100.9568627 100.0872433 100.2993593 100.9176471 100.0046016 100.2966145 100.9098039 99.9633236 100.2966053 100.9176471 100 100 100 100 100 100 100.0459043 100.2992798 100.9176471 100 100 100 100 100 100 99.9878371 99.8449413 100.0431373 100.0107583 99.8450439 100.0431373 99.9739833 99.8721931 100.0352941 100.0229937 99.8748625 100.027451 100 100 100 100 100 100 100 100 100 100 100 100 100 100 100 100 100 100
99.9999835 99.8638325 100.0352941 99.9494248 100.0001428 100.0078431 99.9019938 100.1441577 100.9568627 99.8530012 100.0081586 100.9372549 100.0550871 99.9973999 100.0 100.0764722 100.1470442 100.9568627 100.0872159 100.2994001 100.9176471 100.0075851 100.2966526 100.9098039 99.9647749 100.2966283 100.9176471 100 100 100 100 100 100 100.0473673 100.2993139 100.9176471 100 100 100 100 100 100 99.9892231 99.844947 100.0431373 100.0107502 99.8450392 100.0431373 99.9739649 99.8722082 100.0352941 100.0229777 99.8775383 100.027451 100 100 100 100 100 100 100 100 100 100 100 100 100 100 100 100 100 100
99.9999857 99.8638218 100.0352941 99.9494208 100.0027283 100.0078431 99.9020124 100.1469045 100.9372549 99.8515278 100.0163976 100.9372549 100.0550891 99.9973849 100.0078431 100.0764736 100.1497616 100.945098 100.0872064 100.2993362 100.9098039 100.0075948 100.2993717 100.9098039 99.964758 100.2993631 100.9176471 100 100 100 100 100 100 100.0473968 100.3020281 100.9176471 100 100 100 100 100 100 99.9892338 99.8449331 100.0431373 100.0121422 99.8450412 100.0431373 99.9739795 99.8721678 100.0352941 100.0229764 99.8748944 100.027451 100 100 100 100 100 100 100 100 100 100 100 100 100 100 100 100 100 100
100.0000079 99.8638306 100.0352941 99.9494119 100.0027757 100.0156863 99.902107 100.152399 100.972549 99.8561512 100.0409263 100.9176471 100.0550903 99.9973283 100.0078431 100.075018 100.1496451 100.9568627 100.0857794 100.3019769 100.9176471 100.0061008 100.2993124 100.9176471 99.9647624 100.2993049 100.9176471 100 100 100 100 100 100 100.0473697 100.2993439 100.9176471 100 100 100 100 100 100 99.9892665 99.8449297 100.0431373 100.012172 99.84504 100.0431373 99.9740072 99.8721651 100.0352941 100.0230092 99.8775288 100.027451 100 100 100 100 100 100 100 100 100 100 100 100 100 100 100 100 100 100
100.0000042 99.8638231 100.027451 99.9494177 100.0027304 100.0078431 99.9035605 100.15783 100.9372549 99.8637362 100.0599771 100.9098039 100.0550902 99.9973619 100.0 100.0750097 100.1496293 100.9490196 100.0857569 100.2993897 100.9098039 100.0045988 100.2993568 100.9098039 99.9633048 100.2993608 100.9098039 100 100 100 100 100 100 100.0459165 100.2993899 100.9098039 100 100 100 100 100 100 99.9892555 99.8449326 100.0352941 100.0121605 99.8450502 100.0352941 99.9740026 99.8721523 100.027451 100.0229994 99.8749054 100.0196078 100 100 100 100 100 100 100 100 100 100 100 100 100 100 100 100 100 100
100.0000006 99.8638183 100.027451 99.9494044 100.0027385 100.0078431 99.9035659 100.165899 100.9372549 99.868386 100.0843364 100.9098039 100.0550887 99.9973538 100.0 100.075022 100.1496864 100.9490196 100.085736 100.2993852 100.9098039 100.0045789 100.2993268 100.9098039 99.9632777 100.2993051 100.9098039 100 100 100 100 100 100 100.0459054 100.2993388 100.9098039 100 100 100 100 100 100 99.9892498 99.8449253 100.0352941 100.012154 99.8450432 100.0352941 99.9740045 99.8721209 100.027451 100.0229795 99.8748572 100.0196078 100 100 100 100 100 100 100 100 100 100 100 100 100 100 100 100 100 100
100.000018 99.8612517 100.0196078 99.9494061 100.0054046 100.0 99.9127122 100.1577936 100.9568627 99.8821679 100.1360815 100.9137255 100.0550878 99.9972921 100.0 100.0749911 100.1470144 100.9411765 100.0857632 100.2993303 100.8941176 100.0030578 100.2993074 100.8941176 99.9632492 100.2992758 100.9019608 100 100 100 100 100 100 100.045863 100.3019666 100.8941176 100 100 100 100 100 100 99.9892744 99.844838 100.027451 100.0121752 99.8449529 100.027451 99.9740084 99.872052 100.0196078 100.0230002 99.8748092 100.0117647 100 100 100 100 100 100 100 100 100 100 100 100 100 100 100 100 100 100
100.0000046 99.8612387 100.0196078 99.9494195 100.0053937 100.9960784 99.9143588 100.1469624 100.9490196 99.8898046 100.16591149999999 100.9137255 100.055077 99.9972962 100.0 100.0750013 100.1496163 100.9411765 100.0857433 100.2993628 100.8941176 100.0030646 100.3019738 100.8941176 99.9632535 100.2992935 100.9019608 100 100 100 100 100 100 100.0458748 100.3020092 100.8941176 100 100 100 100 100 100 99.9892596 99.8448676 100.027451 100.0107704 99.8449559 100.027451 99.9740135 99.8720598 100.0196078 100.0230028 99.8721415 100.0117647 100 100 100 100 100 100 100 100 100 100 100 100 100 100 100 100 100 100
100.0000087 99.8637794 100.0078431 99.9494268 100.0053985 100.9843137 99.9233927 100.1360773 100.9568627 99.8958678 100.1904408 100.8745098 100.055056 99.9973136 100.0 100.0750058 100.1496499 100.9294118 100.0857106 100.2993956 100.8823529 100.0045663 100.3020088 100.8823529 99.9632919 100.3019853 100.8901961 100 100 100 100 100 100 100.0458916 100.3020524 100.8823529 100 100 100 100 100 100 99.9892615 99.8448879 100.0156863 100.0121609 99.8449827 100.0156863 99.9739972 99.8720612 100.0078431 100.0229899 99.8747896 100.0 100 100 100 100 100 100 100 100 100 100 100 100 100 100 100 100 100 100
99.9999963 99.8638004 100.0117647 99.9494557 100.0054386 100.9960784 99.9249249 100.1442086 100.9686275 99.9019508 100.2421362 100.8666667 100.0550427 99.9973218 100.0 100.0749333 100.1469548 100.9411765 100.0856626 100.2992992 100.8941176 100.0030191 100.3021036 100.8941176 99.9632333 100.3020423 100.9019608 100 100 100 100 100 100 100.0458414 100.3047958 100.8941176 100 100 100 100 100 100 99.9892482 99.8448925 100.027451 100.0121575 99.8450091 100.027451 99.9739787 99.8694983 100.0117647 100.0229691 99.8748843 100.0117647 100 100 100 100 100 100 100 100 100 100 100 100 100 100 100 100 100 100
100.0000114 99.8638326 100.0196078 99.9494541 100.0054313 100.9960784 99.9249846 100.1496896 100.9568627 99.902007 100.2747726 100.8745098 100.0535531 99.9973326 100.0 100.0749661 100.1495959 100.9411765 100.0856501 100.299246 100.9019608 100.0030459 100.3020451 100.9019608 99.9632748 100.2993006 100.9137255 100 100 100 100 100 100 100.0458546 100.3047722 100.9019608 100 100 100 100 100 100 99.9892669 99.84489 100.027451 100.012171 99.8450226 100.027451 99.9739766 99.8694627 100.0117647 100.0229776 99.8748793 100.0117647 100 100 100 100 100 100 100 100 100 100 100 100 100 100 100 100 100 100
100.0000323 99.863835 100.0117647 99.9494458 100.005445 100.9960784 99.9265037 100.1497232 100.9568627 99.9035219 100.2911459 100.8862745 100.053554 99.997349 100.0 100.0749844 100.1496521 100.9294118 100.0856804 100.299304 100.8941176 100.004533 100.3020327 100.8941176 99.9632712 100.2993343 100.9019608 100 100 100 100 100 100 100.0458646 100.3021118 100.8941176 100 100 100 100 100 100 99.9892805 99.8448728 100.027451 100.0121975 99.8450461 100.027451 99.9739768 99.8694512 100.0117647 100.022985 99.8775934 100.0117647 100 100 100 100 100 100 100 100 100 100 100 100 100 100 100 100 100 100
100.0000624 99.8613135 100.0196078 99.9494542 100.0028337 100.9960784 99.9280556 100.1524712 100.9568627 99.9036065 100.3211302 100.9019608 100.0535524 99.9973498 100.0 100.0735294 100.146935 100.9411765 100.085702 100.2992665 100.9019608 100.0045916 100.3047984 100.9019608 99.9632897 100.3048394 100.9137255 100 100 100 100 100 100 100.0473626 100.3048074 100.9019608 100 100 100 100 100 100 99.9892932 99.8448474 100.027451 100.0122198 99.8450574 100.027451 99.9739747 99.8693901 100.0117647 100.022991 99.8775822 100.0117647 100 100 100 100 100 100 100 100 100 100 100 100 100 100 100 100 100 100
100.0000808 99.8613241 100.0196078 99.9494482 100.0028286 100.9882353 99.9266095 100.1578532 100.9568627 99.9050908 100.3265695 100.9137255 100.053556 99.9973313 100.0 100.0749708 100.1470897 100.9411765 100.0856863 100.2992386 100.9019608 100.0046119 100.3021403 100.9019608 99.9632936 100.3048103 100.9137255 100 100 100 100 100 100 100.0473849 100.3047904 100.9019608 100 100 100 100 100 100 99.989329 99.8448392 100.027451 100.0122301 99.8450475 100.027451 99.9739747 99.8668041 100.0117647 100.0229882 99.8748891 100.0117647 100 100 100 100 100 100 100 100 100 100 100 100 100 100 100 100 100 100
100.0000938 99.8613013 100.0117647 99.9494436 100.0028069 100.9882353 99.9265992 100.1605861 100.9568627 99.9051402 100.33468 100.9215686 100.0535512 99.9973303 100.0 100.0749738 100.1496402 100.9411765 100.0857058 100.29657 100.8941176 100.0046216 100.3020825 100.9019608 99.9633265 100.3020624 100.9019608 100 100 100 100 100 100 100.0473886 100.3047817 100.9019608 100 100 100 100 100 100 99.9893209 99.8448137 100.027451 100.0122411 99.8449923 100.027451 99.9739663 99.8667925 100.0117647 100.0229891 99.8721855 100.0 100 100 100 100 100 100 100 100 100 100 100 100 100 100 100 100 100 100
100.0015099 99.8638147 100.0 99.9494433 100.005348 100.9843137 99.9265635 100.1658281 100.9568627 99.9096691 100.3426855 100.9098039 100.0535493 99.9997833 100.0 100.0735467 100.1495083 100.9294118 100.0857611 100.3018494 100.8901961 100.0046157 100.3018492 100.8901961 99.9633192 100.3018465 100.8901961 100 100 100 100 100 100 100.0459184 100.3018744 100.8901961 100 100 100 100 100 100 99.9893172 99.8448676 100.0156863 100.0122242 99.8474832 100.0156863 99.9739445 99.869259 100.0078431 100.0229614 99.872018 100.0 100 100 100 100 100 100 100 100 100 100 100 100 100 100 100 100 100 100
100.0000774 99.8638663 100.0 99.9494287 100.0053478 100.9764706 99.926531 100.1684965 100.9568627 99.9111633 100.3453144 100.9098039 100.053533 99.9997683 100.0 100.0735298 100.1494647 100.9294118 100.0857653 100.3018864 100.8901961 100.0060891 100.3045988 100.8901961 99.9633137 100.3046104 100.9019608 100 100 100 100 100 100 100.0473638 100.3046294 100.8901961 100 100 100 100 100 100 99.9892845 99.8449077 100.0156863 100.0122114 99.8475213 100.0156863 99.9739301 99.8692736 100.0 100.0229487 99.872011 100.9921569 100 100 100 100 100 100 100 100 100 100 100 100 100 100 100 100 100 100
100.0000781 99.8638067 100.0 99.9494199 100.0079923 100.9843137 99.9265619 100.1684856 100.9568627 99.9111805 100.3453511 100.9098039 100.0520607 99.9972483 100.0 100.0735337 100.1494226 100.9294118 100.0857916 100.3019174 100.8901961 100.0046053 100.3046122 100.8901961 99.9633142 100.3046377 100.8901961 100 100 100 100 100 100 100.0459343 100.3046559 100.8901961 100 100 100 100 100 100 99.9892793 99.844871 100.0156863 100.0122167 99.8474879 100.0156863 99.973935 99.8692453 100.0 100.0229772 99.8720467 100.9921569 100 100 100 100 100 100 100 100 100 100 100 100 100 100 100 100 100 100
100.0000165 99.8638279 100.0 99.9479949 100.0080431 100.9843137 99.9266163 100.1685957 100.9647059 99.9111849 100.3454018 100.9176471 100.0520805 99.9972265 100.0 100.0750128 100.1496176 100.9294118 100.0872324 100.3045417 100.8901961 100.0046177 100.3046055 100.8901961 99.9632991 100.3046244 100.9019608 100 100 100 100 100 100 100.0473872 100.304626 100.8901961 100 100 100 100 100 100 99.9878489 99.8473715 100.0156863 100.0107626 99.847524 100.0156863 99.9739302 99.8692364 100.0 100.0229451 99.8720576 100.9921569 100 100 100 100 100 100 100 100 100 100 100 100 100 100 100 100 100 100
99.9999776 99.8638174 100.0117647 99.9479851 100.008084 100.9960784 99.928044 100.168606 100.9568627 99.9097247 100.3454677 100.9294118 100.053549 99.9972218 100.0 100.075038 100.1521412 100.9411765 100.0872288 100.3046163 100.9019608 100.0045844 100.3073841 100.9019608 99.9632754 100.3073885 100.9137255 100 100 100 100 100 100 100.0473899 100.3100618 100.9019608 100 100 100 100 100 100 99.9878129 99.8473808 100.027451 100.0107261 99.8475315 100.027451 99.973913 99.8692675 100.0117647 100.022916 99.8720363 100.0 100 100 100 100 100 100 100 100 100 100 100 100 100 100 100 100 100 100
99.9999525 99.8638266 100.0117647 99.9479901 100.0106967 100.9960784 99.9280482 100.1711269 100.9764706 99.909725 100.3426846 100.9411765 100.0535684 99.9972134 100.0117647 100.075046 100.149525 100.9411765 100.0872364 100.3045374 100.9019608 100.0045857 100.3046113 100.9019608 99.9632608 100.3046174 100.9019608 100 100 100 100 100 100 100.0459481 100.3046294 100.9019608 100 100 100 100 100 100 99.9877975 99.8473899 100.027451 100.0107026 99.8475054 100.027451 99.9739166 99.8692742 100.0117647 100.0229275 99.8719866 100.0 100 100 100 100 100 100 100 100 100 100 100 100 100 100 100 100 100 100
99.9985235 99.8612492 100.0117647 99.9479892 100.0108369 100.9960784 99.9280475 100.1685819 100.9764706 99.9111727 100.3319862 100.9411765 100.0535933 99.9946889 100.9960784 100.0765593 100.1497575 100.9411765 100.0857755 100.2994344 100.8941176 100.0030642 100.3047476 100.9019608 99.9632348 100.3047471 100.9137255 100 100 100 100 100 100 100.0459147 100.3047867 100.9019608 100 100 100 100 100 100 99.9877557 99.844856 100.027451 100.0106685 99.8448967 100.027451 99.9739226 99.8667936 100.0117647 100.0229384 99.8693707 100.0 100 100 100 100 100 100 100 100 100 100 100 100 100 100 100 100 100 100
