99.9999723 99.8612512 100.0196078 99.9479669 100.0081747 100.9882353 99.9266283 100.1606188 100.9686275 99.9142569 100.3210786 100.9215686 100.0535962 99.9972173 100.0 100.0750483 100.1496079 100.9411765 100.0857275 100.2993184 100.9019608 100.0031209 100.302128 100.9019608 99.9632802 100.3021182 100.9137255 100 100 100 100 100 100 100.0473986 100.3047978 100.9019608 100 100 100 100 100 100 99.9877949 99.8448816 100.027451 100.0107049 99.8449117 100.027451 99.9739225 99.8694344 100.0117647 100.0229302 99.8694349 100.0 100 100 100 100 100 100 100 100 100 100 100 100 100 100 100 100 100 100
99.999963 99.8637913 100.027451 99.9479856 100.0080219 100.0 99.9266046 100.1603798 100.9647059 99.9128345 100.3074324 100.9294118 100.0535713 99.9997564 100.0 100.0750245 100.1522146 100.9490196 100.0857257 100.3018969 100.9098039 100.0046052 100.3019252 100.9098039 99.9633239 100.3019168 100.9098039 100 100 100 100 100 100 100.0459471 100.3045776 100.9098039 100 100 100 100 100 100 99.9877873 99.847411 100.0352941 100.010697 99.8474691 100.0352941 99.9739073 99.8719585 100.0196078 100.0229108 99.8720425 100.0078431 100 100 100 100 100 100 100 100 100 100 100 100 100 100 100 100 100 100
99.9999573 99.8611728 100.0117647 99.9479784 100.0054996 100.0 99.9265867 100.1552011 100.9686275 99.912779 100.2992488 100.9215686 100.053587 99.9972386 100.0 100.0750471 100.1496003 100.9411765 100.0857317 100.2993755 100.8941176 100.0030993 100.3020942 100.9019608 99.963299 100.3020947 100.9137255 100 100 100 100 100 100 100.0459365 100.3047761 100.9019608 100 100 100 100 100 100 99.9877803 99.8448252 100.027451 100.0106953 99.8448899 100.027451 99.9739111 99.8694037 100.0117647 100.0229093 99.8695103 100.0 100 100 100 100 100 100 100 100 100 100 100 100 100 100 100 100 100 100
99.9999215 99.8637585 100.0078431 99.9479503 100.0080511 100.9843137 99.9265231 100.1550037 100.9568627 99.9142848 100.2610818 100.9098039 100.0535659 99.9972382 100.0 100.0750026 100.1495287 100.9294118 100.0857343 100.301857 100.8823529 100.0061224 100.2964874 100.8823529 99.9648031 100.293736 100.8823529 100 100 100 100 100 100 100.0459231 100.299199 100.8823529 100 100 100 100 100 100 99.9877418 99.8474186 100.0156863 100.0106699 99.8474773 100.0156863 99.9724723 99.8719632 100.0 100.0228781 99.8746958 100.9921569 100 100 100 100 100 100 100 100 100 100 100 100 100 100 100 100 100 100
99.9985228 99.8611966 100.027451 99.9479547 100.0081687 100.0 99.9265141 100.1498238 100.9764706 99.9142172 100.2367605 100.9372549 100.0535591 99.9971955 100.0 100.0750553 100.1470707 100.9490196 100.0857214 100.2993436 100.9098039 100.0046021 100.2965716 100.9098039 99.9647963 100.2938739 100.9098039 100 100 100 100 100 100 100.0458956 100.2966227 100.9098039 100 100 100 100 100 100 99.9877209 99.8448636 100.0352941 100.0106632 99.8449095 100.0352941 99.9724661 99.8694949 100.0196078 100.0214518 99.8721246 100.0078431 100 100 100 100 100 100 100 100 100 100 100 100 100 100 100 100 100 100
99.9984914 99.8612938 100.027451 99.9479719 100.0055279 100.0 99.9264924 100.1497042 100.9764706 99.9127111 100.2123298 100.8745098 100.0535524 99.9947198 100.0 100.075044 100.1470329 100.9490196 100.085747 100.2993133 100.9019608 100.003098 100.2966618 100.9019608 99.9632947 100.2966512 100.9098039 100 100 100 100 100 100 100.0459014 100.2993045 100.9019608 100 100 100 100 100 100 99.9876981 99.8449363 100.0352941 100.0106387 99.8449579 100.0352941 99.9724643 99.869541 100.0196078 100.0214528 99.8721987 100.0078431 100 100 100 100 100 100 100 100 100 100 100 100 100 100 100 100 100 100
99.9984838 99.8612367 100.0352941 99.9479459 100.0108285 100.0078431 99.9159057 100.1932508 100.9372549 99.9128436 100.152338 100.9019608 100.0520956 99.9971579 100.0 100.076536 100.1469682 100.9568627 100.0857706 100.2992329 100.9176471 100.0046381 100.2911256 100.9176471 99.9633435 100.2911215 100.9176471 100 100 100 100 100 100 100.0459638 100.2911249 100.9176471 100 100 100 100 100 100 99.9863106 99.8448702 100.0431373 100.009233 99.8449163 100.0431373 99.9724764 99.8720665 100.027451 100.0214182 99.8748234 100.0156863 100 100 100 100 100 100 100 100 100 100 100 100 100 100 100 100 100 100
99.9984736 99.8612936 100.027451 99.9479445 100.010857 100.0 99.9143444 100.1905142 100.9490196 99.9143946 100.1251782 100.9098039 100.0520829 99.9946714 100.0 100.0765416 100.147017 100.9490196 100.0857777 100.2993067 100.9019608 100.0031272 100.2939034 100.9019608 99.9633148 100.2938836 100.9098039 100 100 100 100 100 100 100.0459278 100.2938828 100.9019608 100 100 100 100 100 100 99.9862863 99.8449046 100.0352941 100.0092282 99.8449507 100.0352941 99.9724469 99.8720987 100.0196078 100.0214245 99.8748842 100.0078431 100 100 100 100 100 100 100 100 100 100 100 100 100 100 100 100 100 100
99.9984287 99.8638275 100.027451 99.9494518 100.0081781 100.0156863 99.9143268 100.1823406 100.945098 99.9128147 100.0952368 100.9098039 100.0520714 99.9971667 100.0 100.076567 100.1496044 100.9568627 100.0857825 100.2993169 100.9176471 100.003129 100.2965767 100.9098039 99.9633061 100.2965569 100.9176471 100 100 100 100 100 100 100.0459331 100.296573 100.9098039 100 100 100 100 100 100 99.9862777 99.844946 100.0431373 100.009174 99.8449643 100.0431373 99.9724383 99.872086 100.027451 100.0199075 99.8721679 100.0156863 100 100 100 100 100 100 100 100 100 100 100 100 100 100 100 100 100 100
99.9970288 99.8638054 100.027451 99.9480086 100.0108674 100.0078431 99.9143228 100.1741202 100.945098 99.9127465 100.0626038 100.9294118 100.0520945 99.9971601 100.0 100.0766137 100.1495282 100.9568627 100.0858252 100.2992767 100.9176471 100.003146 100.2938534 100.9176471 99.9633567 100.2938582 100.9176471 100 100 100 100 100 100 100.045928 100.2938252 100.9176471 100 100 100 100 100 100 99.9862857 99.8449311 100.0431373 100.009187 99.844958 100.0431373 99.9724629 99.8720671 100.027451 100.018452 99.8721227 100.0156863 100 100 100 100 100 100 100 100 100 100 100 100 100 100 100 100 100 100
99.9970304 99.866411 100.0352941 99.9479741 100.0080491 100.0156863 99.9142969 100.1658537 100.9568627 99.8959898 100.0243475 100.9372549 100.0521036 99.9997497 100.0 100.0765838 100.1495256 100.9568627 100.0858491 100.3017791 100.9098039 100.0046488 100.2991634 100.9098039 99.9633569 100.2991876 100.9176471 100 100 100 100 100 100 100.0459667 100.2991554 100.9098039 100 100 100 100 100 100 99.9862917 99.847558 100.0431373 100.0077461 99.8475761 100.0431373 99.9724662 99.8747639 100.027451 100.0199379 99.8774304 100.0156863 100 100 100 100 100 100 100 100 100 100 100 100 100 100 100 100 100 100
99.9970243 99.8664414 100.027451 99.9479843 100.0079949 100.0078431 99.9142877 100.1523291 100.945098 99.8868196 100.0162255 100.9294118 100.0520994 99.9997797 100.0 100.0765823 100.1496049 100.9568627 100.085842 100.3018127 100.9176471 100.0061507 100.2964632 100.9098039 99.9633761 100.296446 100.9176471 100 100 100 100 100 100 100.0459898 100.29645 100.9098039 100 100 100 100 100 100 99.9862835 99.8475948 100.0431373 100.0091771 99.8475972 100.0431373 99.9724545 99.8773787 100.027451 100.0199278 99.8774251 100.0156863 100 100 100 100 100 100 100 100 100 100 100 100 100 100 100 100 100 100
99.9984773 99.8664513 100.0470588 99.9479778 100.0053332 100.027451 99.9128778 100.1495655 100.9568627 99.8775882 100.0026004 100.9490196 100.0521161 99.9997978 100.0 100.0751036 100.1495363 100.9686275 100.0858409 100.3018223 100.9294118 100.0061602 100.2964677 100.9294118 99.9633976 100.296467 100.9294118 100 100 100 100 100 100 100.0459778 100.2964696 100.9294118 100 100 100 100 100 100 99.986303 99.8476062 100.054902 100.0092264 99.8476087 100.054902 99.9724788 99.877377 100.0470588 100.0199786 99.8774131 100.027451 100 100 100 100 100 100 100 100 100 100 100 100 100 100 100 100 100 100
99.9984867 99.866424 100.0470588 99.9480051 100.0052827 100.027451 99.9128569 100.1467229 100.9568627 99.8744914 99.999813 100.9490196 100.0521039 99.9998294 100.0 100.0750716 100.1495611 100.9568627 100.087258 100.3017568 100.9294118 100.0061475 100.2991344 100.9294118 99.9648197 100.296462 100.9215686 100 100 100 100 100 100 100.0459697 100.2991405 100.9294118 100 100 100 100 100 100 99.9863127 99.8475507 100.054902 100.0092397 99.8476004 100.054902 99.9724589 99.8773844 100.0392157 100.0214235 99.880117 100.027451 100 100 100 100 100 100 100 100 100 100 100 100 100 100 100 100 100 100
99.9985123 99.8664166 100.0352941 99.9480082 100.0026741 100.027451 99.9127645 100.1386473 100.9372549 99.8715015 99.9970568 100.9372549 100.0520973 99.9998738 100.0 100.0750376 100.1495496 100.9568627 100.0872584 100.3020018 100.9098039 100.004611 100.301878 100.9098039 99.9633389 100.3018688 100.9176471 100 100 100 100 100 100 100.0459408 100.3019036 100.9098039 100 100 100 100 100 100 99.986334 99.847548 100.0431373 100.0106803 99.8476157 100.0431373 99.9724851 99.8774295 100.027451 100.0214686 99.8801481 100.0156863 100 100 100 100 100 100 100 100 100 100 100 100 100 100 100 100 100 100
99.9999476 99.8664109 100.0352941 99.9493795 100.0026861 100.027451 99.9126618 100.141412 100.9372549 99.877465 99.9890322 100.9372549 100.0535091 99.9998722 100.0 100.0750105 100.1494895 100.9568627 100.0872579 100.3018678 100.9176471 100.0075599 100.2991603 100.9098039 99.9648019 100.2964841 100.9176471 100 100 100 100 100 100 100.0474016 100.3018471 100.9176471 100 100 100 100 100 100 99.9891551 99.8475388 100.0431373 100.0121085 99.8476219 100.0431373 99.9739212 99.8747643 100.027451 100.0228823 99.880139 100.0156863 100 100 100 100 100 100 100 100 100 100 100 100 100 100 100 100 100 100
99.999966 99.8638711 100.0352941 99.9479123 100.002684 100.0352941 99.9111338 100.1467625 100.972549 99.8836396 99.9863128 100.9372549 100.0535105 99.999859 100.0 100.0750226 100.149548 100.9568627 100.0872446 100.3045142 100.9176471 100.0060842 100.2964558 100.9098039 99.9662425 100.296458 100.9176471 100 100 100 100 100 100 100.0473837 100.2991338 100.9098039 100 100 100 100 100 100 99.9891726 99.8475196 100.0431373 100.0121247 99.8476102 100.0431373 99.9739323 99.8747225 100.027451 100.0228917 99.8801527 100.0156863 100 100 100 100 100 100 100 100 100 100 100 100 100 100 100 100 100 100
99.9999945 99.8612893 100.0470588 99.9464112 100.0027673 100.0196078 99.9034977 100.1496109 100.9686275 99.9035133 99.9918981 100.9568627 100.0535153 99.9973092 100.0 100.0750177 100.146888 100.9686275 100.0872485 100.2993996 100.9215686 100.0045892 100.2992913 100.9215686 99.9647768 100.299301 100.9294118 100 100 100 100 100 100 100.0473804 100.2993081 100.9215686 100 100 100 100 100 100 99.9891933 99.8449209 100.054902 100.0121574 99.8450509 100.054902 99.9739321 99.8721623 100.0392157 100.0229035 99.8802457 100.027451 100 100 100 100 100 100 100 100 100 100 100 100 100 100 100 100 100 100
99.9999904 99.8612463 100.0352941 99.9448835 100.0054561 100.0 99.9019397 100.1497019 100.9568627 99.9142156 99.9972488 100.945098 100.0520749 99.997258 100.0 100.075043 100.1469205 100.9568627 100.0872444 100.2993868 100.9098039 100.0060852 100.2965579 100.9098039 99.9648133 100.2965741 100.9176471 100 100 100 100 100 100 100.0473909 100.2965691 100.9098039 100 100 100 100 100 100 99.9892007 99.8448774 100.0431373 100.0121489 99.8449952 100.0431373 99.9739312 99.8694754 100.027451 100.0228776 99.877573 100.0156863 100 100 100 100 100 100 100 100 100 100 100 100 100 100 100 100 100 100
100.0000128 99.858594 100.0352941 99.9434179 100.0108765 100.0 99.9004865 100.1470749 100.9568627 99.9158674 99.9946156 100.9372549 100.0520871 99.9945861 100.0078431 100.0750893 100.1443297 100.9568627 100.087284 100.2966209 100.9098039 100.0046391 100.2965925 100.9098039 99.964843 100.2939418 100.9176471 100 100 100 100 100 100 100.0474323 100.2966137 100.9098039 100 100 100 100 100 100 99.9892279 99.8422229 100.0431373 100.0121687 99.8423521 100.0431373 99.9739698 99.8668246 100.027451 100.021442 99.8749185 100.0156863 100 100 100 100 100 100 100 100 100 100 100 100 100 100 100 100 100 100
99.9999831 99.8612446 100.0352941 99.9448817 100.0054853 100.0 99.9004934 100.1497147 100.972549 99.9141992 99.994591 100.945098 100.0520823 99.9972622 100.0 100.0750803 100.1496082 100.9568627 100.0872405 100.2992431 100.9098039 100.0061008 100.29927 100.9098039 99.9648302 100.2992839 100.9294118 100 100 100 100 100 100 100.0474287 100.2992592 100.9098039 100 100 100 100 100 100 99.9878057 99.8448903 100.0431373 100.0121483 99.8449983 100.0431373 99.9739429 99.8694775 100.027451 100.0214369 99.8775826 100.0156863 100 100 100 100 100 100 100 100 100 100 100 100 100 100 100 100 100 100
99.99994 99.8663754 100.027451 99.9479236 100.0052628 100.0156863 99.9020456 100.1495895 100.972549 99.9034791 99.9943101 100.945098 100.0520313 99.9998405 100.0 100.0750129 100.1494979 100.9568627 100.0871824 100.2992143 100.9098039 100.0045715 100.2964261 100.9098039 99.9648103 100.2964333 100.9176471 100 100 100 100 100 100 100.0458682 100.296463 100.9098039 100 100 100 100 100 100 99.9877678 99.8474867 100.0431373 100.0121057 99.8476086 100.0431373 99.9738981 99.8746852 100.027451 100.0213921 99.8801495 100.0156863 100 100 100 100 100 100 100 100 100 100 100 100 100 100 100 100 100 100
99.9999411 99.8638699 100.0352941 99.9493849 100.0001561 100.0078431 99.9035161 100.1469075 100.9568627 99.8912412 99.9837237 100.945098 100.0534906 99.997332 100.0 100.0750219 100.1469664 100.9568627 100.0871493 100.2966166 100.9098039 100.0045361 100.2993136 100.9176471 99.9647544 100.2966637 100.9176471 100 100 100 100 100 100 100.0458761 100.2993401 100.9176471 100 100 100 100 100 100 99.9891538 99.8449785 100.0431373 100.0120963 99.8450847 100.0431373 99.973895 99.8695516 100.027451 100.0228398 99.8775544 100.0156863 100 100 100 100 100 100 100 100 100 100 100 100 100 100 100 100 100 100
99.9999506 99.8663795 100.027451 99.9493997 100.0026673 100.027451 99.9050272 100.1440584 100.9647059 99.8791134 99.9917273 100.9294118 100.0520457 99.9998569 100.0 100.0750245 100.1495892 100.9568627 100.0871245 100.2991585 100.9098039 100.0045475 100.2991266 100.9098039 99.9647655 100.299116 100.9176471 100 100 100 100 100 100 100.0458709 100.2991584 100.9098039 100 100 100 100 100 100 99.989161 99.8475152 100.0431373 100.0121112 99.8475843 100.0431373 99.9739235 99.8746977 100.027451 100.0228842 99.8801014 100.0156863 100 100 100 100 100 100 100 100 100 100 100 100 100 100 100 100 100 100
99.9985589 99.8663859 100.027451 99.948002 100.0026763 100.027451 99.9036938 100.1305334 100.9372549 99.860806 99.9889665 100.9372549 100.0520932 99.9998765 100.0 100.0750546 100.1522294 100.9568627 100.08571 100.2991751 100.9098039 100.0031393 100.3045773 100.9098039 99.9633411 100.3019092 100.9176471 100 100 100 100 100 100 100.045947 100.3046027 100.9098039 100 100 100 100 100 100 99.9877658 99.8475055 100.0431373 100.0107169 99.8475971 100.0431373 99.972524 99.8747014 100.027451 100.0214907 99.8800894 100.0156863 100 100 100 100 100 100 100 100 100 100 100 100 100 100 100 100 100 100
99.9985638 99.8663959 100.0392157 99.9480225 100.0026494 100.027451 99.903664 100.1304702 100.9490196 99.8547138 99.9944072 100.9490196 100.0520834 99.9998901 100.0 100.0750245 100.1522222 100.9686275 100.0842562 100.301779 100.9294118 100.0031261 100.3045861 100.9294118 99.9633208 100.3019416 100.9411765 100 100 100 100 100 100 100.045932 100.3046059 100.9294118 100 100 100 100 100 100 99.987776 99.8475107 100.054902 100.0107204 99.8476401 100.054902 99.9725195 99.8746739 100.0470588 100.0215013 99.8827997 100.027451 100 100 100 100 100 100 100 100 100 100 100 100 100 100 100 100 100 100
99.9985623 99.8638469 100.0352941 99.9480309 100.0026517 100.0 99.9036527 100.1304262 100.945098 99.8546232 99.9970677 100.9294118 100.0520708 99.9998926 100.0 100.0736059 100.1522807 100.9568627 100.0842436 100.3017768 100.9098039 100.0031268 100.3045569 100.9176471 99.9633273 100.3019058 100.9294118 100 100 100 100 100 100 100.0459316 100.3045854 100.9176471 100 100 100 100 100 100 99.9877767 99.8474627 100.0431373 100.0107116 99.8476037 100.0431373 99.9725222 99.8720632 100.0352941 100.0214852 99.8801501 100.0156863 100 100 100 100 100 100 100 100 100 100 100 100 100 100 100 100 100 100
99.9985948 99.8638103 100.0470588 99.9480148 100.0026846 100.027451 99.9036781 100.1331662 100.9568627 99.8561878 99.9969985 100.9411765 100.0506277 99.9998766 100.0 100.0736118 100.1522804 100.9686275 100.0842713 100.3019253 100.9215686 100.0031358 100.3019389 100.9215686 99.9633444 100.3019104 100.9294118 100 100 100 100 100 100 100.0459274 100.304585 100.9294118 100 100 100 100 100 100 99.9877964 99.8474418 100.054902 100.0107417 99.8476036 100.054902 99.9725204 99.8720703 100.0392157 100.0214768 99.8828223 100.027451 100 100 100 100 100 100 100 100 100 100 100 100 100 100 100 100 100 100
100.0000105 99.8613187 100.0352941 99.9479268 100.0027763 100.0078431 99.9051198 100.1441753 100.9647059 99.8698675 99.9945073 100.9372549 100.0520512 99.9973331 100.0 100.0750261 100.1496435 100.9568627 100.0857339 100.299311 100.9098039 100.0045568 100.2993882 100.9098039 99.9647798 100.2993688 100.9176471 100 100 100 100 100 100 100.0459183 100.2994046 100.9098039 100 100 100 100 100 100 99.9892292 99.844927 100.0431373 100.0121805 99.845079 100.0431373 99.9739548 99.8694954 100.027451 100.0229177 99.8802582 100.0156863 100 100 100 100 100 100 100 100 100 100 100 100 100 100 100 100 100 100
100.0000052 99.8663926 100.027451 99.9464384 100.0053255 100.0078431 99.9050999 100.1495077 100.9372549 99.8790322 99.9971697 100.9372549 100.0520449 99.99983 100.0 100.0750514 100.1522618 100.9568627 100.0857341 100.3018361 100.9098039 100.004591 100.2991401 100.9098039 99.9647984 100.29917 100.9176471 100 100 100 100 100 100 100.0459292 100.299156 100.9098039 100 100 100 100 100 100 99.9892272 99.8474888 100.0431373 100.0121692 99.847637 100.0431373 99.9739404 99.8720459 100.027451 100.0228886 99.8801613 100.0156863 100 100 100 100 100 100 100 100 100 100 100 100 100 100 100 100 100 100
99.9999974 99.8638556 100.027451 99.946425 100.0053696 100.0 99.9036314 100.1522074 100.9647059 99.8897757 99.9972507 100.9294118 100.0520379 99.9997968 100.0 100.0750526 100.1496066 100.9490196 100.0857382 100.301893 100.9098039 100.00459 100.2991575 100.9019608 99.9647871 100.2991512 100.9098039 100 100 100 100 100 100 100.0459364 100.2991667 100.9019608 100 100 100 100 100 100 99.9878395 99.8474577 100.0352941 100.0121752 99.8476457 100.0352941 99.973944 99.8720495 100.0196078 100.0214195 99.8828131 100.0078431 100 100 100 100 100 100 100 100 100 100 100 100 100 100 100 100 100 100
99.9999754 99.8638137 100.0196078 99.9449109 100.0081178 100.9960784 99.9035576 100.152369 100.9568627 99.9005616 99.9973876 100.9294118 100.0506001 99.997236 100.0 100.0750762 100.1497015 100.9490196 100.085766 100.2992137 100.9019608 100.0046386 100.2992505 100.9019608 99.9648192 100.2992553 100.9098039 100 100 100 100 100 100 100.0474272 100.2992683 100.9019608 100 100 100 100 100 100 99.9878306 99.8449057 100.0352941 100.0107543 99.8475671 100.0352941 99.9724976 99.8694795 100.0196078 100.021413 99.8775849 100.0 100 100 100 100 100 100 100 100 100 100 100 100 100 100 100 100 100 100
99.9985596 99.8611692 100.027451 99.9419677 100.0135237 100.9843137 99.9020396 100.1550229 100.9490196 99.9143238 100.0108162 100.9372549 100.0506474 99.9971226 100.0 100.0751112 100.1468975 100.9490196 100.0857865 100.2965249 100.9019608 100.0046419 100.2965116 100.9019608 99.9648484 100.2991435 100.9098039 100 100 100 100 100 100 100.0459919 100.29651870000001 100.9019608 100 100 100 100 100 100 99.9878258 99.8447978 100.0352941 100.0107326 99.844942 100.0352941 99.9709899 99.8693705 100.0196078 100.0199413 99.8774804 100.0078431 100 100 100 100 100 100 100 100 100 100 100 100 100 100 100 100 100 100
99.9985226 99.8611897 100.0196078 99.9434758 100.0135473 100.9764706 99.9020311 100.1577826 100.9490196 99.9143888 100.0135504 100.9294118 100.0506317 99.9971344 100.0 100.0750941 100.1467979 100.9411765 100.0858088 100.2991282 100.8941176 100.004641 100.296494 100.8941176 99.9648517 100.296516 100.9019608 100 100 100 100 100 100 100.0459803 100.2964962 100.8941176 100 100 100 100 100 100 99.9877828 99.8448303 100.027451 100.009247 99.8449412 100.027451 99.9709652 99.8694255 100.0117647 100.018432 99.8801409 100.9960784 100 100 100 100 100 100 100 100 100 100 100 100 100 100 100 100 100 100
99.9985381 99.8585539 100.0196078 99.9419768 100.0135085 100.9764706 99.9021173 100.1604968 100.9568627 99.9143134 100.0108133 100.9294118 100.0506593 99.9945295 100.0117647 100.0751253 100.1442809 100.9411765 100.0858118 100.2911915 100.8941176 100.0046692 100.2938703 100.8941176 99.9648773 100.293883 100.9019608 100 100 100 100 100 100 100.0459993 100.293887 100.8941176 100 100 100 100 100 100 99.9878072 99.8421811 100.027451 100.0092652 99.8423023 100.027451 99.9709797 99.8667802 100.0196078 100.0184411 99.8721814 100.0 100 100 100 100 100 100 100 100 100 100 100 100 100 100 100 100 100 100
99.9984852 99.8638326 100.0352941 99.9464331 100.007995 100.0078431 99.9066784 100.1657946 100.945098 99.9021221 100.0080656 100.9372549 100.0520291 99.9998305 100.0 100.0750635 100.1495207 100.9568627 100.0857456 100.2964353 100.9098039 100.0045915 100.2991723 100.9098039 99.9648046 100.2991841 100.9176471 100 100 100 100 100 100 100.0459378 100.3018457 100.9176471 100 100 100 100 100 100 99.9877467 99.84747 100.0431373 100.0091994 99.8475595 100.0431373 99.9709289 99.8746544 100.027451 100.0184081 99.8774492 100.0156863 100 100 100 100 100 100 100 100 100 100 100 100 100 100 100 100 100 100
99.9984867 99.8638602 100.0352941 99.9464275 100.0054894 100.0 99.9127905 100.1578877 100.9647059 99.8929336 100.013566 100.9372549 100.0505991 99.9973124 100.0 100.0750823 100.1497569 100.9568627 100.0857372 100.2938677 100.9098039 100.0045926 100.2993123 100.9176471 99.9648169 100.2993128 100.9294118 100 100 100 100 100 100 100.0459293 100.2993237 100.9176471 100 100 100 100 100 100 99.9877751 99.8449758 100.0431373 100.0092236 99.8450981 100.0431373 99.9724534 99.8695218 100.027451 100.0198874 99.8775742 100.0156863 100 100 100 100 100 100 100 100 100 100 100 100 100 100 100 100 100 100
99.9999424 99.8638106 100.027451 99.9449526 100.008123 100.0 99.9143217 100.1577953 100.945098 99.8897494 100.0163601 100.9294118 100.0506083 99.9972927 100.0 100.0750891 100.149681 100.9568627 100.0857395 100.2965225 100.9098039 100.0031402 100.2993251 100.9098039 99.9647912 100.299283 100.9294118 100 100 100 100 100 100 100.0459396 100.2993525 100.9098039 100 100 100 100 100 100 99.9878119 99.8449303 100.0431373 100.0107 99.8450405 100.0431373 99.9724835 99.8694779 100.027451 100.0199214 99.8775038 100.0078431 100 100 100 100 100 100 100 100 100 100 100 100 100 100 100 100 100 100
99.9999248 99.8637915 100.027451 99.9464128 100.0081246 100.0 99.9143464 100.1577997 100.9372549 99.8791132 100.0190804 100.9176471 100.0520251 99.9972691 100.0 100.0750521 100.1495999 100.945098 100.0857161 100.2965984 100.9098039 100.0045698 100.2992676 100.9176471 99.9647713 100.2965912 100.9176471 100 100 100 100 100 100 100.0459272 100.2993049 100.9176471 100 100 100 100 100 100 99.987782 99.8449241 100.0431373 100.01069 99.8450334 100.0431373 99.9739172 99.872055 100.027451 100.0199063 99.877516 100.0156863 100 100 100 100 100 100 100 100 100 100 100 100 100 100 100 100 100 100
99.9999746 99.8611832 100.0352941 99.94491 100.0108085 100.9921569 99.9158269 100.1658474 100.9372549 99.8744728 100.0434386 100.9098039 100.0520308 99.9972103 100.0078431 100.0750604 100.1496892 100.945098 100.0857323 100.2992889 100.9176471 100.0045723 100.2991798 100.9176471 99.9647744 100.2965058 100.9176471 100 100 100 100 100 100 100.0459142 100.2991954 100.9176471 100 100 100 100 100 100 99.9878142 99.8447931 100.0431373 100.0107342 99.844939 100.0431373 99.9739093 99.8693939 100.027451 100.0214013 99.8774645 100.0156863 100 100 100 100 100 100 100 100 100 100 100 100 100 100 100 100 100 100
99.9999647 99.8637351 100.0196078 99.9464023 100.0107932 100.9960784 99.9157954 100.168515 100.9372549 99.8729616 100.0597826 100.9019608 100.0520307 99.9972054 100.0 100.0750239 100.1496115 100.9490196 100.0856789 100.2992982 100.9098039 100.0060935 100.2991685 100.9098039 99.964785 100.2964861 100.9215686 100 100 100 100 100 100 100.047384 100.299184 100.9098039 100 100 100 100 100 100 99.9891933 99.8448508 100.0352941 100.0107167 99.8449775 100.0352941 99.9739263 99.8693964 100.0196078 100.02141 99.8774633 100.0078431 100 100 100 100 100 100 100 100 100 100 100 100 100 100 100 100 100 100
99.99998 99.8637165 100.0117647 99.9464204 100.0107893 100.9882353 99.9157953 100.1686799 100.9686275 99.8744918 100.0760981 100.9019608 100.0520253 99.9972199 100.0 100.0750476 100.1523085 100.9490196 100.0856853 100.2992615 100.9019608 100.0060978 100.2992293 100.9019608 99.9647841 100.2965254 100.9019608 100 100 100 100 100 100 100.0474128 100.2992572 100.9019608 100 100 100 100 100 100 99.9892026 99.8448683 100.027451 100.0107223 99.8449672 100.027451 99.9739288 99.869421 100.0117647 100.0228737 99.877486 100.0 100 100 100 100 100 100 100 100 100 100 100 100 100 100 100 100 100 100
99.9999745 99.8637689 100.0196078 99.9479161 100.0081096 100.9960784 99.9157422 100.1713389 100.9294118 99.8791039 100.1087894 100.8862745 100.0520267 99.997253 100.0 100.0750257 100.149697 100.9411765 100.0857061 100.2992862 100.9019608 100.0045416 100.2992535 100.9019608 99.9647444 100.2965726 100.9019608 100 100 100 100 100 100 100.0458923 100.2992785 100.9019608 100 100 100 100 100 100 99.9891946 99.8448786 100.027451 100.0121313 99.8450005 100.027451 99.9739343 99.8694414 100.0117647 100.0228872 99.8774736 100.0 100 100 100 100 100 100 100 100 100 100 100 100 100 100 100 100 100 100
99.9999802 99.8611776 100.0196078 99.9479276 100.0080727 100.9960784 99.9157635 100.1713359 100.9294118 99.885182 100.1305577 100.8941176 100.0520162 99.997257 100.0 100.0764995 100.1578054 100.9294118 100.0856895 100.2993223 100.9019608 100.003066 100.2992678 100.9019608 99.964707 100.2965544 100.9019608 100 100 100 100 100 100 100.0458678 100.3019574 100.9019608 100 100 100 100 100 100 99.9891965 99.8448056 100.027451 100.0121345 99.8449549 100.027451 99.9739243 99.8693897 100.0117647 100.0228897 99.8775022 100.0 100 100 100 100 100 100 100 100 100 100 100 100 100 100 100 100 100 100
99.9999684 99.8612004 100.0196078 99.9479423 100.0080997 100.9960784 99.9158484 100.1659818 100.9568627 99.8898167 100.1496545 100.8862745 100.0520112 99.9972324 100.0 100.0750193 100.1496821 100.9411765 100.0857002 100.2992933 100.9019608 100.0045352 100.293805 100.9019608 99.9647539 100.2910912 100.9019608 100 100 100 100 100 100 100.045857 100.2938343 100.9019608 100 100 100 100 100 100 99.989196 99.8448249 100.027451 100.0121319 99.8449418 100.027451 99.9739519 99.8694016 100.0117647 100.022906 99.8747735 100.0 100 100 100 100 100 100 100 100 100 100 100 100 100 100 100 100 100 100
99.999974 99.861183 100.0196078 99.9479356 100.0080917 100.9960784 99.9173289 100.163195 100.9411765 99.894329 100.171391 100.8745098 100.0520225 99.9972497 100.0117647 100.0750169 100.1495963 100.9411765 100.0857116 100.2991978 100.9019608 100.0045433 100.2938293 100.9019608 99.9647464 100.2937997 100.9019608 100 100 100 100 100 100 100.0458668 100.2938517 100.9019608 100 100 100 100 100 100 99.9891979 99.8448246 100.027451 100.0121322 99.8449259 100.027451 99.973946 99.8693803 100.0117647 100.0229012 99.8747968 100.0 100 100 100 100 100 100 100 100 100 100 100 100 100 100 100 100 100 100
99.9999575 99.8612216 100.0196078 99.9493875 100.0081056 100.9960784 99.9234111 100.1495778 100.9686275 99.9004345 100.2150431 100.8666667 100.052 99.9972446 100.0 100.0749969 100.1496961 100.9411765 100.0856739 100.299229 100.8941176 100.0060573 100.2992246 100.8941176 99.9647677 100.296556 100.9019608 100 100 100 100 100 100 100.0473437 100.2992667 100.8941176 100 100 100 100 100 100 99.9891748 99.8448466 100.027451 100.0121133 99.8449505 100.027451 99.9739119 99.8693723 100.0117647 100.0228691 99.8748164 100.0 100 100 100 100 100 100 100 100 100 100 100 100 100 100 100 100 100 100
99.998556 99.8612324 100.0196078 99.9480103 100.0081073 100.9960784 99.9235595 100.1495832 100.9568627 99.9021319 100.2366593 100.8745098 100.0505926 99.9972555 100.0 100.0736061 100.1497261 100.9411765 100.084272 100.2992215 100.9019608 100.003104 100.2993188 100.9019608 99.9633268 100.2992593 100.9137255 100 100 100 100 100 100 100.0444474 100.30202 100.9019608 100 100 100 100 100 100 99.9877722 99.844858 100.027451 100.0107162 99.8449684 100.027451 99.972508 99.8693794 100.0117647 100.0214728 99.8748524 100.0 100 100 100 100 100 100 100 100 100 100 100 100 100 100 100 100 100 100
99.999954 99.8612225 100.0196078 99.9494169 100.008146 100.9960784 99.9264641 100.152339 100.9647059 99.9035359 100.2612509 100.8941176 100.0519814 99.9972457 100.0 100.0749904 100.1496755 100.9490196 100.0856633 100.2992444 100.9098039 100.00455 100.2938867 100.9098039 99.9647795 100.2911453 100.9098039 100 100 100 100 100 100 100.0458431 100.2965686 100.9098039 100 100 100 100 100 100 99.9891754 99.8448592 100.0352941 100.0121073 99.8449633 100.0352941 99.9738979 99.8693785 100.0196078 100.0228612 99.8747904 100.0078431 100 100 100 100 100 100 100 100 100 100 100 100 100 100 100 100 100 100
99.9999775 99.8612424 100.0196078 99.9494144 100.0054896 100.0 99.9279858 100.1577842 100.9764706 99.9065684 100.310169 100.9019608 100.0519866 99.9972582 100.0 100.0749925 100.1496894 100.9490196 100.0856759 100.2993756 100.9019608 100.0045232 100.3020826 100.9098039 99.9647491 100.3020558 100.9215686 100 100 100 100 100 100 100.045875 100.3047436 100.9098039 100 100 100 100 100 100 99.9891953 99.8448737 100.0352941 100.012126 99.8449665 100.0352941 99.9739093 99.8693782 100.0196078 100.0228915 99.8748116 100.0078431 100 100 100 100 100 100 100 100 100 100 100 100 100 100 100 100 100 100
99.99998 99.8612397 100.0196078 99.9494077 100.0054953 100.9960784 99.9280527 100.1577849 100.9764706 99.9066046 100.3211833 100.9215686 100.0519894 99.9972577 100.0078431 100.0750189 100.1523741 100.9490196 100.0856878 100.2993245 100.9098039 100.0045283 100.307445 100.9098039 99.9646939 100.3074504 100.9215686 100 100 100 100 100 100 100.0473769 100.3074448 100.9098039 100 100 100 100 100 100 99.9892007 99.8448485 100.0352941 100.0121294 99.844975 100.0352941 99.9738947 99.8693585 100.0196078 100.0228731 99.8748013 100.0 100 100 100 100 100 100 100 100 100 100 100 100 100 100 100 100 100 100
99.9999924 99.8612057 100.0196078 99.9493905 100.0081293 100.9960784 99.9280668 100.1605493 100.9568627 99.9065997 100.3265369 100.9215686 100.0520033 99.9972688 100.0 100.074983 100.1496231 100.9411765 100.0856774 100.2992869 100.8941176 100.0045335 100.3021054 100.8941176 99.9647004 100.3047409 100.9137255 100 100 100 100 100 100 100.0473848 100.3047844 100.9019608 100 100 100 100 100 100 99.9892081 99.8448277 100.027451 100.0121315 99.84496 100.027451 99.9738849 99.8693579 100.0117647 100.0228586 99.8748487 100.0 100 100 100 100 100 100 100 100 100 100 100 100 100 100 100 100 100 100
99.9999918 99.86119 100.0117647 99.9494145 100.0055141 100.9960784 99.9280782 100.1632922 100.9568627 99.9065759 100.3401711 100.9215686 100.0519836 99.9972589 100.0 100.0749809 100.1470757 100.9411765 100.0856987 100.299285 100.9019608 100.0060646 100.3020262 100.9019608 99.9647714 100.2993949 100.9019608 100 100 100 100 100 100 100.0473989 100.3020575 100.9019608 100 100 100 100 100 100 99.9892061 99.8448357 100.0196078 100.0121326 99.8449735 100.0196078 99.9738825 99.8668372 100.0117647 100.0228545 99.8749077 100.0 100 100 100 100 100 100 100 100 100 100 100 100 100 100 100 100 100 100
99.999983 99.8611839 100.9960784 99.9479392 100.0054742 100.9764706 99.928066 100.1685909 100.9372549 99.9081203 100.3454963 100.9098039 100.0519842 99.9972439 100.0 100.0749999 100.1470606 100.9215686 100.0871511 100.2992131 100.8823529 100.0060874 100.2966062 100.8823529 99.964801 100.2966245 100.8823529 100 100 100 100 100 100 100.0473901 100.2965896 100.8823529 100 100 100 100 100 100 99.9891941 99.8448093 100.0078431 100.0121221 99.844936 100.0078431 99.9724151 99.8668393 100.9960784 100.0213771 99.8721976 100.9843137 100 100 100 100 100 100 100 100 100 100 100 100 100 100 100 100 100 100
99.9999775 99.8637352 100.0 99.9479301 100.007985 100.9843137 99.9280698 100.1685807 100.9568627 99.9081302 100.3480476 100.9176471 100.0519907 99.9997531 100.0 100.0750074 100.1495578 100.9294118 100.0871769 100.30184 100.8901961 100.006063 100.301844 100.8901961 99.9647782 100.3018567 100.9019608 100 100 100 100 100 100 100.0473804 100.301859 100.8901961 100 100 100 100 100 100 99.9891893 99.8473472 100.0156863 100.0121179 99.8474872 100.0156863 99.9724256 99.8693539 100.0 100.0213546 99.8747419 100.9843137 100 100 100 100 100 100 100 100 100 100 100 100 100 100 100 100 100 100
99.9999527 99.861192 100.0 99.9479359 100.0055186 100.9843137 99.9280301 100.1686768 100.9568627 99.9081523 100.3429472 100.9294118 100.0519859 99.9972076 100.0 100.0750075 100.1470212 100.9294118 100.0871752 100.2993735 100.8901961 100.0060853 100.299309 100.8901961 99.9647977 100.2993096 100.8901961 100 100 100 100 100 100 100.0473841 100.2993249 100.8901961 100 100 100 100 100 100 99.9891656 99.844828 100.0156863 100.0106876 99.8449281 100.0156863 99.9724249 99.8668367 100.0 100.0198804 99.8721577 100.9843137 100 100 100 100 100 100 100 100 100 100 100 100 100 100 100 100 100 100
99.9999372 99.8611866 100.0196078 99.9478922 100.0081935 100.0 99.9280553 100.1686551 100.9843137 99.9096529 100.34289 100.9372549 100.0520209 99.9971789 100.0 100.0750295 100.1495552 100.9490196 100.0872108 100.2993535 100.9098039 100.0060884 100.302001 100.9098039 99.9647838 100.302046 100.9215686 100 100 100 100 100 100 100.0473956 100.3020077 100.9098039 100 100 100 100 100 100 99.9877837 99.8448168 100.0352941 100.0106668 99.8449106 100.0352941 99.972411 99.8668121 100.0196078 100.0198504 99.8721259 100.0 100 100 100 100 100 100 100 100 100 100 100 100 100 100 100 100 100 100
99.9998868 99.8612556 100.0117647 99.9479381 100.0082006 100.9960784 99.9280499 100.1686732 100.9686275 99.9081328 100.3402034 100.9294118 100.0520053 99.994694 100.0117647 100.0750236 100.1468823 100.9411765 100.0872088 100.2993269 100.9019608 100.0030696 100.2993652 100.9019608 99.964708 100.299386 100.9019608 100 100 100 100 100 100 100.0458839 100.2993726 100.9019608 100 100 100 100 100 100 99.9877566 99.8448944 100.027451 100.0106256 99.8449787 100.027451 99.9724063 99.8694604 100.0117647 100.0183474 99.8721166 100.0 100 100 100 100 100 100 100 100 100 100 100 100 100 100 100 100 100 100
99.9984715 99.8611942 100.0196078 99.9479063 100.0082353 100.0 99.9280939 100.1659769 100.9764706 99.9066428 100.3400544 100.9490196 100.0520201 99.9946906 100.0 100.0765034 100.149765 100.9490196 100.0871851 100.2993999 100.9098039 100.004554 100.2993899 100.9098039 99.9647321 100.3020234 100.9098039 100 100 100 100 100 100 100.0459146 100.2993743 100.9098039 100 100 100 100 100 100 99.987732 99.8448546 100.0352941 100.0091839 99.8449114 100.0352941 99.9723973 99.8694844 100.0196078 100.0183646 99.8721235 100.0 100 100 100 100 100 100 100 100 100 100 100 100 100 100 100 100 100 100
99.9984315 99.8612128 100.0078431 99.947894 100.0108963 100.9764706 99.9280622 100.1660334 100.9568627 99.9065928 100.3346547 100.9176471 100.0520201 99.9946431 100.0 100.0764716 100.1495607 100.9294118 100.0857419 100.2993537 100.8901961 100.0045534 100.2993674 100.8901961 99.9647202 100.3020081 100.9019608 100 100 100 100 100 100 100.0473684 100.2993379 100.8901961 100 100 100 100 100 100 99.9877058 99.8448498 100.0156863 100.0091527 99.844921 100.0156863 99.9723793 99.8694466 100.0 100.0198376 99.8721131 100.9921569 100 100 100 100 100 100 100 100 100 100 100 100 100 100 100 100 100 100
99.9983674 99.861225 100.027451 99.9479042 100.0109065 100.0 99.9280343 100.1659641 100.9647059 99.9065651 100.3238758 100.9372549 100.0520195 99.994636 100.0 100.0764686 100.1469513 100.9490196 100.085666 100.2993635 100.9019608 100.0045448 100.3020149 100.9098039 99.9647185 100.3020204 100.9215686 100 100 100 100 100 100 100.0473596 100.2993601 100.9019608 100 100 100 100 100 100 99.9876809 99.8448743 100.0352941 100.0076194 99.8449359 100.0352941 99.9724107 99.8695012 100.0196078 100.0183315 99.8721383 100.0078431 100 100 100 100 100 100 100 100 100 100 100 100 100 100 100 100 100 100
99.9983682 99.8612502 100.027451 99.9478971 100.010902 100.0 99.9280599 100.1632576 100.9764706 99.9050836 100.3237609 100.9294118 100.0520349 99.9946691 100.0 100.0764915 100.1496822 100.9490196 100.0856555 100.2992834 100.9098039 100.0030652 100.3020365 100.9098039 99.9647107 100.3020487 100.9215686 100 100 100 100 100 100 100.0458728 100.3020525 100.9098039 100 100 100 100 100 100 99.987677 99.8449005 100.0352941 100.0076164 99.8449413 100.0352941 99.9724175 99.8694985 100.0196078 100.0183324 99.8721875 100.0078431 100 100 100 100 100 100 100 100 100 100 100 100 100 100 100 100 100 100
99.9983685 99.8612523 100.027451 99.9479088 100.010867 100.0 99.928031 100.1659001 100.9764706 99.9050789 100.3211588 100.9372549 100.0520247 99.9946713 100.0 100.0765105 100.1496446 100.9490196 100.0856095 100.2992735 100.9098039 100.0045237 100.3047545 100.9098039 99.9647127 100.3047891 100.9215686 100 100 100 100 100 100 100.0473581 100.3047649 100.9098039 100 100 100 100 100 100 99.9876646 99.8449091 100.0352941 100.0076221 99.8449423 100.0352941 99.9723923 99.8720966 100.0196078 100.0198176 99.8721705 100.0078431 100 100 100 100 100 100 100 100 100 100 100 100 100 100 100 100 100 100
