100.000014 99.8474476 100.9960784 99.9386912 100.0025525 100.0 99.9127664 100.1712621 100.9764706 99.8684104 100.3319798 100.9333333 100.0612136 99.9998953 100.0 100.0871904 100.1741453 100.9411765 100.0963453 100.329292 100.9137255 99.9954134 100.3482566 100.9137255 99.9510412 100.3482118 100.9333333 100 100 100 100 100 100 100.0382745 100.350983 100.9137255 100 100 100 100 100 100 99.987781 99.8285247 100.0117647 100.0122602 99.8285535 100.0 99.975413 99.8665312 100.0 100.0275196 99.863866 100.9960784 100 100 100 100 100 100 100 100 100 100 100 100 100 100 100 100 100 100
100.0000202 99.8474546 100.0 99.9386877 100.0025667 100.0078431 99.9112085 100.1713916 100.9843137 99.8652825 100.3319403 100.9294118 100.0612196 99.9999105 100.0 100.0871489 100.1740651 100.9294118 100.0948742 100.3319489 100.9215686 99.9968755 100.3482193 100.9215686 99.9510273 100.3455204 100.9294118 100 100 100 100 100 100 100.0382597 100.3509774 100.9215686 100 100 100 100 100 100 99.9877853 99.8285392 100.0196078 100.0122657 99.8285386 100.0078431 99.9753987 99.8665191 100.0196078 100.0275169 99.8611925 100.0 100 100 100 100 100 100 100 100 100 100 100 100 100 100 100 100 100 100
100.0014083 99.8474637 100.0 99.9387068 100.0025725 100.0078431 99.9096543 100.1739126 100.9764706 99.8561242 100.3318576 100.9294118 100.0612207 99.9999059 100.0 100.0871412 100.1741224 100.9490196 100.09486390000001 100.3292825 100.9215686 99.9953593 100.3536104 100.9215686 99.9509866 100.3509255 100.9294118 100 100 100 100 100 100 100.0382534 100.3563748 100.9215686 100 100 100 100 100 100 99.9891939 99.828514 100.0196078 100.0136629 99.828549 100.0078431 99.9754382 99.8665215 100.0196078 100.0275589 99.8639033 100.0 100 100 100 100 100 100 100 100 100 100 100 100 100 100 100 100 100 100
100.0000189 99.847435 100.0156863 99.9373071 100.0025895 100.0156863 99.9020453 100.1739179 100.9921569 99.8332337 100.3155365 100.9372549 100.0612547 99.999875 100.0 100.0857239 100.176656 100.9490196 100.094904 100.3319119 100.9294118 99.9954631 100.3481444 100.9294118 99.9510543 100.3427645 100.9294118 100 100 100 100 100 100 100.036835 100.3508759 100.9294118 100 100 100 100 100 100 99.9878307 99.8284555 100.0352941 100.0122829 99.8284824 100.027451 99.9740817 99.8664559 100.027451 100.0291038 99.8638655 100.0078431 100 100 100 100 100 100 100 100 100 100 100 100 100 100 100 100 100 100
100.0000493 99.8474349 100.0078431 99.9373216 100.0026072 100.0 99.8990158 100.17128 100.9843137 99.8224857 100.3019048 100.9294118 100.0612564 99.9998544 100.0 100.0857487 100.1741007 100.9490196 100.0949532 100.3318503 100.9215686 99.9954753 100.3427566 100.9215686 99.9510598 100.3373132 100.9215686 100 100 100 100 100 100 100.0368154 100.3481649 100.9215686 100 100 100 100 100 100 99.9878678 99.8284755 100.027451 100.0123094 99.8285057 100.0196078 99.9754922 99.8665134 100.0196078 100.0291369 99.8638823 100.0 100 100 100 100 100 100 100 100 100 100 100 100 100 100 100 100 100 100
100.0000597 99.8474254 100.0 99.9373052 100.002604 100.9960784 99.8914197 100.1685398 100.9882353 99.8117542 100.2828043 100.9411765 100.0612819 99.9998773 100.0 100.0857886 100.1768089 100.9411765 100.0963979 100.3318467 100.9137255 99.9954587 100.3482177 100.9137255 99.9510205 100.3454472 100.9137255 100 100 100 100 100 100 100.0382864 100.3536285 100.9137255 100 100 100 100 100 100 99.9878881 99.8284889 100.0117647 100.0123286 99.8285173 100.0 99.9755065 99.8665396 100.0117647 100.0306471 99.8638781 100.9960784 100 100 100 100 100 100 100 100 100 100 100 100 100 100 100 100 100 100
100.00007 99.847362 100.0156863 99.9373063 100.0026325 100.0156863 99.8897985 100.160435 100.9921569 99.7995058 100.2612133 100.7176471 100.0612855 99.9998619 100.0 100.0857833 100.173989 100.9294118 100.0964447 100.331852 100.9294118 99.9969771 100.3481413 100.9294118 99.9511022 100.3427244 100.9294118 100 100 100 100 100 100 100.0382833 100.3508846 100.9294118 100 100 100 100 100 100 99.9893082 99.8284618 100.027451 100.0123477 99.8284958 100.027451 99.9755119 99.8666041 100.027451 100.0306533 99.8664927 100.0078431 100 100 100 100 100 100 100 100 100 100 100 100 100 100 100 100 100 100
100.0001093 99.8474125 100.0078431 99.9373 100.0026075 100.9960784 99.8806301 100.1524205 100.9960784 99.7796209 100.2094381 100.9490196 100.061292 99.9998892 100.0 100.0872541 100.1713595 100.9411765 100.0980517 100.3292806 100.9215686 99.9984441 100.3482457 100.9215686 99.951089 100.3454908 100.9294118 100 100 100 100 100 100 100.0398491 100.3536619 100.9215686 100 100 100 100 100 100 99.9893711 99.8284728 100.027451 100.0138049 99.8285427 100.027451 99.9755357 99.8666311 100.0196078 100.0321515 99.8666155 100.0 100 100 100 100 100 100 100 100 100 100 100 100 100 100 100 100 100 100
100.0001046 99.8474337 100.0156863 99.9373165 100.0026094 100.0078431 99.8776074 100.1495839 100.9921569 99.7719727 100.1768712 100.9372549 100.0612778 99.9999287 100.0 100.087245 100.1713761 100.9490196 100.0995512 100.3293079 100.9294118 99.9984631 100.3455169 100.9294118 99.9525573 100.3400819 100.9372549 100 100 100 100 100 100 100.0398275 100.3482657 100.9294118 100 100 100 100 100 100 99.9893774 99.8284847 100.0352941 100.0138081 99.8285717 100.027451 99.9755458 99.8666508 100.0352941 100.0321652 99.8666419 100.0078431 100 100 100 100 100 100 100 100 100 100 100 100 100 100 100 100 100 100
100.0001137 99.8474188 100.027451 99.9373118 100.0026309 100.0196078 99.8760643 100.1495526 100.0117647 99.7689478 100.1441255 100.9686275 100.0612876 99.9998878 100.0 100.0872738 100.1713136 100.9764706 100.0995759 100.3292319 100.9411765 99.9984528 100.3509348 100.9411765 99.9511107 100.3482274 100.9411765 100 100 100 100 100 100 100.0413422 100.3536941 100.9411765 100 100 100 100 100 100 99.9908219 99.8284859 100.0392157 100.0138143 99.8285741 100.0392157 99.9755429 99.8691786 100.0470588 100.0321735 99.8666578 100.0196078 100 100 100 100 100 100 100 100 100 100 100 100 100 100 100 100 100 100
100.0001163 99.8474795 100.0156863 99.9373281 100.0026719 100.0078431 99.8760397 100.1441363 100.9921569 99.7720003 100.1116024 100.9372549 100.0612737 99.9998734 100.0 100.0873379 100.1713761 100.9647059 100.1010905 100.3290834 100.9294118 99.9985255 100.3509328 100.9294118 99.9526022 100.3481719 100.9372549 100 100 100 100 100 100 100.0413814 100.3536624 100.9294118 100 100 100 100 100 100 99.9908256 99.8284965 100.027451 100.013827 99.8285955 100.027451 99.9755556 99.8665964 100.0352941 100.0321661 99.8666578 100.0156863 100 100 100 100 100 100 100 100 100 100 100 100 100 100 100 100 100 100
100.0000781 99.847526 100.0078431 99.9387623 100.0026406 100.0 99.8699495 100.1360984 100.9764706 99.7826972 100.0597964 100.9490196 100.061253 99.9998679 100.0 100.0887967 100.1713962 100.9411765 100.102581 100.3291344 100.9215686 99.9969315 100.353658 100.9215686 99.9510031 100.3482747 100.9215686 100 100 100 100 100 100 100.0383218 100.3591271 100.9215686 100 100 100 100 100 100 99.9893407 99.8285524 100.0196078 100.0123658 99.8286698 100.0196078 99.9755115 99.8665872 100.027451 100.0306647 99.8692368 100.0 100 100 100 100 100 100 100 100 100 100 100 100 100 100 100 100 100 100
100.0000679 99.8475299 100.0078431 99.9387642 100.002648 100.0 99.8668719 100.1359722 100.9686275 99.7902959 100.0325817 100.9686275 100.0612437 99.9998565 100.0 100.0873175 100.1712588 100.9568627 100.1025672 100.3290775 100.9215686 99.9984304 100.3536706 100.9215686 99.9510595 100.350935 100.9411765 100 100 100 100 100 100 100.0413341 100.3564006 100.9215686 100 100 100 100 100 100 99.9893187 99.8285521 100.0196078 100.0123441 99.8286547 100.0196078 99.9754997 99.866594 100.027451 100.0306498 99.8692006 100.0 100 100 100 100 100 100 100 100 100 100 100 100 100 100 100 100 100 100
100.0000668 99.8475513 100.027451 99.9373479 100.0026764 100.027451 99.8652923 100.1333182 100.0 99.7934391 100.0054402 100.9764706 100.0612472 99.9998495 100.0 100.0873432 100.1713694 100.9607843 100.1025993 100.329098 100.9411765 99.9984598 100.3509412 100.9411765 99.951092 100.3455409 100.9607843 100 100 100 100 100 100 100.0398637 100.3536969 100.9411765 100 100 100 100 100 100 99.9893096 99.8286164 100.0470588 100.0123299 99.8286827 100.0392157 99.9755086 99.8666692 100.0470588 100.0306511 99.8691905 100.0196078 100 100 100 100 100 100 100 100 100 100 100 100 100 100 100 100 100 100
100.0000614 99.8475425 100.027451 99.9373454 100.0026717 100.027451 99.8638015 100.1306055 100.9960784 99.8040823 99.9917397 100.9764706 100.0612545 99.9998631 100.0 100.0873094 100.1686255 100.9686275 100.1010502 100.3264252 100.9490196 99.9969615 100.3481792 100.9411765 99.9511002 100.340095 100.9490196 100 100 100 100 100 100 100.0383331 100.350939 100.9411765 100 100 100 100 100 100 99.9878876 99.8285958 100.0470588 100.0123351 99.82867 100.0392157 99.9755151 99.8666453 100.0470588 100.0306382 99.8692219 100.0196078 100 100 100 100 100 100 100 100 100 100 100 100 100 100 100 100 100 100
100.000056 99.847512 100.0156863 99.9387813 100.0026357 100.0156863 99.8608023 100.1277837 100.9647059 99.825603 99.9672997 100.9647059 100.0612405 99.9998799 100.0 100.0872893 100.1713677 100.9647059 100.0980959 100.3290528 100.9294118 99.9954655 100.350885 100.9294118 99.9510587 100.3454942 100.9372549 100 100 100 100 100 100 100.0383132 100.3509749 100.9294118 100 100 100 100 100 100 99.9878715 99.8285716 100.0352941 100.0123168 99.8286208 100.027451 99.9741074 99.8666256 100.0352941 100.0291557 99.8666122 100.0156863 100 100 100 100 100 100 100 100 100 100 100 100 100 100 100 100 100 100
100.0014512 99.8475275 100.0078431 99.938761 100.0026262 100.0 99.8591194 100.1277294 100.9764706 99.8392473 99.9591662 100.9568627 100.0626546 99.9999343 100.0 100.0887001 100.1713774 100.9490196 100.099459 100.3264297 100.9215686 99.9968781 100.3455084 100.9215686 99.9524962 100.3427345 100.9294118 100 100 100 100 100 100 100.0397321 100.3482135 100.9215686 100 100 100 100 100 100 99.9892687 99.8285634 100.027451 100.0137178 99.8286063 100.0196078 99.9755211 99.8666153 100.027451 100.0320604 99.8665717 100.0 100 100 100 100 100 100 100 100 100 100 100 100 100 100 100 100 100 100
100.001454 99.8475133 100.0078431 99.9387519 100.002605 100.0078431 99.8560893 100.1250582 100.9686275 99.8499621 99.9563365 100.9686275 100.0626561 99.9999453 100.0 100.0872374 100.1739331 100.9490196 100.097935 100.3264581 100.9215686 99.9968784 100.3482142 100.9215686 99.9524449 100.3454553 100.9294118 100 100 100 100 100 100 100.0397288 100.3509144 100.9215686 100 100 100 100 100 100 99.9892637 99.8285755 100.027451 100.013714 99.8286064 100.0196078 99.9755158 99.8666293 100.027451 100.0305681 99.866595 100.0078431 100 100 100 100 100 100 100 100 100 100 100 100 100 100 100 100 100 100
100.0014712 99.8475428 100.0078431 99.9387727 100.0026117 100.0 99.8546093 100.1196537 100.9764706 99.8591269 99.9562673 100.9686275 100.0626661 99.9999292 100.0 100.0872217 100.1713169 100.9490196 100.0978658 100.3264405 100.9294118 99.9953829 100.3482113 100.9215686 99.9510372 100.3481594 100.9294118 100 100 100 100 100 100 100.0382446 100.3508943 100.9215686 100 100 100 100 100 100 99.9892796 99.8285585 100.027451 100.0137375 99.8285942 100.0196078 99.9755341 99.8665516 100.027451 100.0305897 99.8665617 100.0078431 100 100 100 100 100 100 100 100 100 100 100 100 100 100 100 100 100 100
100.0014881 99.8449708 100.0078431 99.938733 100.0000989 100.0078431 99.8545324 100.1170885 100.9686275 99.8698209 99.9537968 100.9686275 100.0626711 99.9974416 100.0 100.0871843 100.1716073 100.9490196 100.0948627 100.3267059 100.9215686 99.9938405 100.3483614 100.9215686 99.9509793 100.3456326 100.9294118 100 100 100 100 100 100 100.0382209 100.3484366 100.9215686 100 100 100 100 100 100 99.9893126 99.8260484 100.027451 100.0137393 99.8260966 100.0196078 99.9769209 99.8640972 100.0196078 100.0305724 99.864088 100.0078431 100 100 100 100 100 100 100 100 100 100 100 100 100 100 100 100 100 100
100.00151 99.8475278 100.0 99.938731 100.0025739 100.9960784 99.8545611 100.1169567 100.9686275 99.8683563 99.9537065 100.9490196 100.0626827 99.9999862 100.0 100.0871949 100.1741487 100.9333333 100.0948361 100.3292259 100.9137255 99.9953392 100.3509144 100.9137255 99.9509958 100.3482057 100.9215686 100 100 100 100 100 100 100.0382577 100.3536717 100.9137255 100 100 100 100 100 100 99.9907488 99.828584 100.0196078 100.0137711 99.8286306 100.0117647 99.9769445 99.8666237 100.0117647 100.0320631 99.8666337 100.9960784 100 100 100 100 100 100 100 100 100 100 100 100 100 100 100 100 100 100
100.0001177 99.8475058 100.0078431 99.9373544 100.0000202 100.0078431 99.8532016 100.1196428 100.9686275 99.8637957 99.9536013 100.9686275 100.0612676 100.0000167 100.0 100.0857427 100.1741403 100.9490196 100.0903706 100.3290933 100.9215686 99.9939162 100.345501 100.9215686 99.9495987 100.342775 100.9294118 100 100 100 100 100 100 100.0367599 100.3481656 100.9215686 100 100 100 100 100 100 99.9893662 99.8285418 100.0196078 100.0123779 99.8286347 100.0196078 99.975524 99.8665796 100.0196078 100.0306589 99.8666181 100.0078431 100 100 100 100 100 100 100 100 100 100 100 100 100 100 100 100 100 100
100.0001209 99.847485 100.0078431 99.9373373 100.0000138 100.0078431 99.8546694 100.1196038 100.9568627 99.854616 99.9509073 100.9568627 100.0612853 99.9999948 100.0 100.0857278 100.176767 100.9490196 100.0903108 100.3318464 100.9215686 99.9939158 100.3454589 100.9215686 99.9510209 100.342743 100.9294118 100 100 100 100 100 100 100.0367538 100.348143 100.9215686 100 100 100 100 100 100 99.9893816 99.8285273 100.027451 100.013807 99.8286033 100.0196078 99.9755334 99.866587 100.0196078 100.0321496 99.8691442 100.0 100 100 100 100 100 100 100 100 100 100 100 100 100 100 100 100 100 100
100.0030682 99.847524 100.0 99.9387596 99.9999426 100.9960784 99.8576486 100.1169682 100.9607843 99.8362503 99.9563915 100.9607843 100.0612844 100.0025936 100.0 100.0857202 100.176887 100.9411765 100.0903368 100.3320017 100.9137255 99.9938938 100.3482673 100.9137255 99.9495381 100.3455393 100.9215686 100 100 100 100 100 100 100.0367574 100.3509764 100.9137255 100 100 100 100 100 100 99.9938712 99.8285388 100.0117647 100.0153467 99.8286296 100.0117647 99.9755826 99.8665535 100.0196078 100.0336871 99.8691847 100.9960784 100 100 100 100 100 100 100 100 100 100 100 100 100 100 100 100 100 100
100.0046032 99.8475115 100.9843137 99.9387578 99.9999289 100.9764706 99.8561188 100.1142758 100.9294118 99.8270073 99.956461 100.9490196 100.061282 100.0026161 100.0 100.0857147 100.1768681 100.9137255 100.0933711 100.3373154 100.8941176 99.9954409 100.3482332 100.8941176 99.9510328 100.3428163 100.9019608 100 100 100 100 100 100 100.0367985 100.3536593 100.8941176 100 100 100 100 100 100 99.9954017 99.8285315 100.9960784 100.0183631 99.8286402 100.9960784 99.9756022 99.8639351 100.0 100.0337126 99.8692275 100.9843137 100 100 100 100 100 100 100 100 100 100 100 100 100 100 100 100 100 100
100.004621 99.8475567 100.027451 99.9387555 99.999915 100.0078431 99.8546574 100.1143461 100.9843137 99.8209093 99.9591064 100.9843137 100.0612867 100.0026377 100.0 100.085722 100.1796252 100.9568627 100.0948632 100.3400538 100.9294118 99.9954196 100.345494 100.9294118 99.9510357 100.3400684 100.9294118 100 100 100 100 100 100 100.0367809 100.3482445 100.9294118 100 100 100 100 100 100 99.9968915 99.8285296 100.0352941 100.0198689 99.8286865 100.0352941 99.9770339 99.8665318 100.0352941 100.0351457 99.866686 100.0156863 100 100 100 100 100 100 100 100 100 100 100 100 100 100 100 100 100 100
100.0076513 99.8475612 100.0196078 99.938749 99.9998678 100.0 99.8546499 100.116896 100.9686275 99.8194101 99.9590764 100.9764706 100.0612852 100.0026468 100.0 100.0857286 100.1822125 100.9294118 100.0949201 100.3428115 100.9215686 99.9953909 100.3509531 100.9215686 99.9509875 100.348242 100.9294118 100 100 100 100 100 100 100.0382566 100.3536955 100.9215686 100 100 100 100 100 100 99.996953 99.8285383 100.0196078 100.0213894 99.8311795 100.0196078 99.9770586 99.8665 100.027451 100.0351826 99.8666561 100.0078431 100 100 100 100 100 100 100 100 100 100 100 100 100 100 100 100 100 100
100.0061568 99.8475718 100.0196078 99.9373287 99.9999015 100.0 99.8546508 100.1169839 100.9764706 99.8271371 99.9562893 100.9686275 100.0612771 100.0026327 100.9960784 100.0857869 100.1769325 100.9411765 100.0965044 100.3454874 100.9215686 99.993913 100.3536967 100.9215686 99.9495547 100.350931 100.9294118 100 100 100 100 100 100 100.0368277 100.3618081 100.9215686 100 100 100 100 100 100 99.9969385 99.8285296 100.027451 100.0199316 99.8311999 100.0196078 99.9770546 99.8638626 100.027451 100.03518 99.8692076 100.0 100 100 100 100 100 100 100 100 100 100 100 100 100 100 100 100 100 100
100.0061315 99.8476195 100.0392157 99.9373285 99.9999304 100.0117647 99.8561574 100.1169996 100.9882353 99.8377505 99.9537167 100.9960784 100.0612778 100.002632 100.0 100.0858032 100.1768898 100.9490196 100.0980287 100.3481441 100.9411765 99.9939232 100.3482254 100.9411765 99.9495642 100.3455264 100.9490196 100 100 100 100 100 100 100.036827 100.3509263 100.9411765 100 100 100 100 100 100 99.9954608 99.8285762 100.0392157 100.0199021 99.8312117 100.0392157 99.9756217 99.8664892 100.0470588 100.0351532 99.869243 100.027451 100 100 100 100 100 100 100 100 100 100 100 100 100 100 100 100 100 100
100.0046034 99.8475956 100.0196078 99.9373258 99.9999413 100.0 99.8546908 100.1169872 100.9764706 99.8424464 99.9482245 100.9764706 100.0612913 100.0026031 100.0 100.085817 100.1767888 100.9490196 100.0980721 100.3400978 100.9215686 99.9939104 100.3482051 100.9215686 99.9495755 100.3455076 100.9294118 100 100 100 100 100 100 100.0368079 100.3509375 100.9215686 100 100 100 100 100 100 99.9954207 99.8285872 100.0196078 100.0168893 99.8312109 100.0196078 99.975623 99.8665387 100.027451 100.0337284 99.8692166 100.0078431 100 100 100 100 100 100 100 100 100 100 100 100 100 100 100 100 100 100
100.0015884 99.8476055 100.0078431 99.9373283 99.9999948 100.0 99.8531353 100.1168869 100.9686275 99.8638917 99.9508781 100.9764706 100.0612842 100.0025824 100.0 100.0858371 100.1741012 100.9490196 100.1010724 100.3453678 100.9215686 99.9924059 100.3481197 100.9215686 99.9495795 100.3427249 100.9294118 100 100 100 100 100 100 100.0367712 100.348194 100.9215686 100 100 100 100 100 100 99.9923845 99.8285917 100.0196078 100.0138485 99.8312244 100.0196078 99.9755612 99.8665585 100.0196078 100.0321881 99.8691495 100.0 100 100 100 100 100 100 100 100 100 100 100 100 100 100 100 100 100 100
100.001539 99.8450827 100.027451 99.9387679 100.0000089 100.0196078 99.8531055 100.1116792 100.9960784 99.8730121 99.9456772 100.9960784 100.0612582 100.0000453 100.0 100.0872576 100.1715464 100.9607843 100.1010578 100.3402551 100.9411765 99.9939231 100.3483497 100.9411765 99.9495831 100.3429217 100.9490196 100 100 100 100 100 100 100.0367918 100.3537935 100.9411765 100 100 100 100 100 100 99.9908473 99.8286104 100.0392157 100.0137898 99.8287126 100.0392157 99.9755351 99.8640901 100.0470588 100.0321445 99.8666427 100.0196078 100 100 100 100 100 100 100 100 100 100 100 100 100 100 100 100 100 100
100.0001428 99.8450998 100.0078431 99.9373374 100.0000042 100.0078431 99.8531044 100.1116798 100.9686275 99.8760212 99.9484363 100.9764706 100.0612803 100.0000535 100.0 100.0872929 100.1741432 100.9411765 100.1026055 100.3348114 100.9215686 99.9939539 100.3457115 100.9215686 99.9510299 100.3429436 100.9294118 100 100 100 100 100 100 100.0368029 100.351096 100.9215686 100 100 100 100 100 100 99.9908464 99.8286549 100.0196078 100.0123756 99.828728 100.0196078 99.9755435 99.8666134 100.0196078 100.030674 99.8640916 100.0 100 100 100 100 100 100 100 100 100 100 100 100 100 100 100 100 100 100
100.0001477 99.8451189 100.0 99.9373166 100.0000311 100.9960784 99.853146 100.1116991 100.9607843 99.8745572 99.948399 100.9686275 100.0613001 100.0000515 100.0 100.0873012 100.1715854 100.9411765 100.1025877 100.3294061 100.9137255 99.9954494 100.3483882 100.9137255 99.9510553 100.3456334 100.9333333 100 100 100 100 100 100 100.0368222 100.3511494 100.9137255 100 100 100 100 100 100 99.9908545 99.8286581 100.0117647 100.0123888 99.8287486 100.0117647 99.9755486 99.8640924 100.0196078 100.0321588 99.8666297 100.9960784 100 100 100 100 100 100 100 100 100 100 100 100 100 100 100 100 100 100
100.0016057 99.8450723 100.027451 99.9387707 99.9974885 100.0078431 99.85766 100.1143753 100.9764706 99.8622552 99.9402893 100.9843137 100.0612573 100.000087 100.0 100.0872731 100.1715228 100.9568627 100.1010395 100.3266419 100.9294118 99.9969536 100.3457193 100.9294118 99.9510622 100.3429513 100.9372549 100 100 100 100 100 100 100.0382916 100.3511107 100.9294118 100 100 100 100 100 100 99.9923745 99.826116 100.027451 100.0138535 99.8286806 100.027451 99.9755856 99.8666267 100.0352941 100.0336633 99.866654 100.0078431 100 100 100 100 100 100 100 100 100 100 100 100 100 100 100 100 100 100
100.003069 99.8476067 100.027451 99.9387676 99.9999432 100.0078431 99.8591769 100.1169671 100.9843137 99.8515442 99.9455133 100.9843137 100.0612463 100.0026055 100.0 100.0872448 100.174065 100.9490196 100.0995252 100.3291746 100.9294118 99.9984352 100.3508798 100.9294118 99.9510818 100.345463 100.9294118 100 100 100 100 100 100 100.041308 100.3536348 100.9294118 100 100 100 100 100 100 99.9938692 99.8286301 100.0352941 100.0153289 99.8311998 100.0352941 99.9755813 99.8691409 100.0352941 100.0336949 99.8691915 100.0156863 100 100 100 100 100 100 100 100 100 100 100 100 100 100 100 100 100 100
100.0060889 99.8476301 100.027451 99.9387683 99.9999407 100.0 99.8606886 100.1169447 100.9764706 99.8407963 99.9509435 100.9843137 100.0612605 100.0026185 100.0 100.0872285 100.1741135 100.9490196 100.0994877 100.3291331 100.9294118 99.9984163 100.3427633 100.9294118 99.9525337 100.3373222 100.9294118 100 100 100 100 100 100 100.0397637 100.3481659 100.9294118 100 100 100 100 100 100 99.9953836 99.8311557 100.027451 100.0183286 99.8312315 100.027451 99.9755826 99.8691295 100.0352941 100.0351061 99.8691865 100.0156863 100 100 100 100 100 100 100 100 100 100 100 100 100 100 100 100 100 100
100.0076135 99.8476413 100.027451 99.9387827 99.9974279 100.0156863 99.8606822 100.1170943 100.9921569 99.836209 99.9538734 100.9921569 100.0612454 100.000161 100.0 100.0872588 100.1742411 100.9372549 100.0994562 100.3266972 100.9294118 99.998414 100.3484414 100.9294118 99.9510682 100.3456408 100.9294118 100 100 100 100 100 100 100.0412861 100.3538371 100.9294118 100 100 100 100 100 100 99.9968707 99.8286789 100.0352941 100.0198835 99.831371 100.0352941 99.9770319 99.8666573 100.0352941 100.0351498 99.8667505 100.0156863 100 100 100 100 100 100 100 100 100 100 100 100 100 100 100 100 100 100
100.0091051 99.8476265 100.0196078 99.9387792 99.9974296 100.0 99.8607213 100.1171267 100.9764706 99.8377068 99.9538489 100.9764706 100.0612513 100.0001395 100.0 100.0872388 100.1741987 100.9490196 100.0979408 100.3266772 100.9215686 99.9969451 100.3483645 100.9215686 99.9510523 100.3429543 100.9215686 100 100 100 100 100 100 100.0397606 100.3510824 100.9215686 100 100 100 100 100 100 99.9969157 99.8287016 100.027451 100.0213517 99.8313915 100.027451 99.9770605 99.8666669 100.027451 100.035154 99.8667564 100.0078431 100 100 100 100 100 100 100 100 100 100 100 100 100 100 100 100 100 100
100.0076075 99.8476203 100.0 99.9387774 99.9974434 100.9843137 99.8621667 100.1170694 100.9490196 99.8408273 99.9511002 100.9568627 100.0612362 100.0001249 100.0 100.087204 100.1742766 100.9098039 100.0978632 100.3266108 100.9019608 99.9984065 100.3483582 100.9019608 99.9525217 100.3429211 100.9098039 100 100 100 100 100 100 100.0397509 100.351084 100.9019608 100 100 100 100 100 100 99.9968751 99.8286855 100.0 100.0198632 99.8313891 100.0 99.9770016 99.8666573 100.0078431 100.0351261 99.8667899 100.9921569 100 100 100 100 100 100 100 100 100 100 100 100 100 100 100 100 100 100
100.0060857 99.8476169 100.0196078 99.9387646 99.9999421 100.0 99.8576319 100.1197355 100.9686275 99.8515149 99.9483057 100.9843137 100.0612555 100.0001054 100.0 100.087222 100.1742605 100.9490196 100.0964119 100.3266315 100.9215686 99.9969408 100.3456568 100.9215686 99.9510726 100.3429017 100.9215686 100 100 100 100 100 100 100.0382519 100.3483527 100.9215686 100 100 100 100 100 100 99.9954076 99.8286745 100.027451 100.0183501 99.8313949 100.027451 99.9755775 99.8666269 100.027451 100.0351091 99.8667436 100.0078431 100 100 100 100 100 100 100 100 100 100 100 100 100 100 100 100 100 100
100.003067 99.8476551 100.0117647 99.938766 99.9999675 100.9960784 99.8545895 100.1143731 100.9490196 99.860671 99.9429621 100.9764706 100.0612492 100.0001267 100.0 100.0857655 100.1741704 100.9333333 100.0963868 100.3292822 100.9137255 99.9968887 100.3483825 100.9137255 99.9510063 100.3456421 100.9137255 100 100 100 100 100 100 100.0382654 100.3510838 100.9137255 100 100 100 100 100 100 99.9923679 99.8313596 100.0196078 100.01528 99.8313841 100.0196078 99.9755371 99.8667692 100.0313725 100.0336274 99.866754 100.0 100 100 100 100 100 100 100 100 100 100 100 100 100 100 100 100 100 100
100.0015186 99.8476844 100.0117647 99.9387747 100.0000128 100.0 99.8530576 100.109006 100.9607843 99.866889 99.9429506 100.9764706 100.0612408 100.000079 100.0 100.0857926 100.1741746 100.9333333 100.0963703 100.3293979 100.9137255 99.9969218 100.3455819 100.9137255 99.9510584 100.3401714 100.9215686 100 100 100 100 100 100 100.0382849 100.345671 100.9137255 100 100 100 100 100 100 99.9893482 99.8314259 100.0196078 100.012324 99.8314231 100.0196078 99.975492 99.8667591 100.0196078 100.0306328 99.8667238 100.0 100 100 100 100 100 100 100 100 100 100 100 100 100 100 100 100 100 100
100.000035 99.8476582 100.0196078 99.9387587 100.0000121 100.0078431 99.8515314 100.1061 100.9686275 99.8821379 99.9428528 100.9843137 100.0612848 100.0000679 100.0 100.0857983 100.1741915 100.9294118 100.0963864 100.3293577 100.9215686 99.9954226 100.345639 100.9215686 99.9509927 100.3455416 100.9294118 100 100 100 100 100 100 100.0382538 100.3483251 100.9215686 100 100 100 100 100 100 99.9878289 99.8367658 100.027451 100.0122128 99.8313693 100.027451 99.9754595 99.8694825 100.0196078 100.0291014 99.8666032 100.0078431 100 100 100 100 100 100 100 100 100 100 100 100 100 100 100 100 100 100
100.0000052 99.8476978 100.0117647 99.9387691 100.00003 100.9960784 99.8514864 100.1034397 100.9686275 99.8866814 99.9402312 100.9686275 100.0612393 100.0000735 100.0 100.0857749 100.174115 100.9215686 100.0964048 100.331984 100.9137255 99.9968903 100.3456249 100.9137255 99.9510241 100.3428685 100.9215686 100 100 100 100 100 100 100.0382688 100.3483362 100.9137255 100 100 100 100 100 100 99.9877914 99.8368108 100.0196078 100.0121906 99.8313886 100.0196078 99.9754498 99.8694859 100.0196078 100.0290976 99.8665928 100.0 100 100 100 100 100 100 100 100 100 100 100 100 100 100 100 100 100 100
100.0 99.8477594 100.0196078 99.9387638 100.0000034 100.0 99.8514837 100.1033767 100.9764706 99.8836823 99.9375388 100.9764706 100.06125 100.0000846 100.0 100.0857459 100.1715193 100.9490196 100.0964648 100.3293534 100.9215686 99.9954148 100.3483778 100.9215686 99.9509723 100.3456 100.9294118 100 100 100 100 100 100 100.0382412 100.3511092 100.9215686 100 100 100 100 100 100 99.9877896 99.8394647 100.027451 100.0121951 99.8340679 100.0196078 99.9754513 99.8695618 100.027451 100.0290791 99.8667241 100.0078431 100 100 100 100 100 100 100 100 100 100 100 100 100 100 100 100 100 100
100.0000377 99.8477003 100.0117647 99.9387707 99.9999961 100.0 99.8514568 100.1034628 100.9686275 99.8729511 99.9347647 100.9686275 100.0612216 100.0001185 100.0 100.0872025 100.1715384 100.9490196 100.0979948 100.3265961 100.9137255 99.9968899 100.3538109 100.9137255 99.9509655 100.3483604 100.9215686 100 100 100 100 100 100 100.0397563 100.3619447 100.9137255 100 100 100 100 100 100 99.9892419 99.8367882 100.0196078 100.0122251 99.8340453 100.0196078 99.9754615 99.8695031 100.0196078 100.0305699 99.8667879 100.0 100 100 100 100 100 100 100 100 100 100 100 100 100 100 100 100 100 100
100.0015035 99.8477239 100.0 99.938762 99.9999862 100.9921569 99.8514947 100.1060959 100.9568627 99.863774 99.9320606 100.9568627 100.0612351 100.0001275 100.0 100.0872019 100.1714667 100.9215686 100.099459 100.326596 100.9019608 99.9983971 100.3510627 100.9019608 99.9510496 100.3455993 100.9098039 100 100 100 100 100 100 100.0398005 100.3565067 100.9019608 100 100 100 100 100 100 99.9893123 99.8367863 100.0078431 100.0122973 99.8340475 100.0078431 99.9755045 99.8694561 100.0078431 100.032118 99.8667565 100.9921569 100 100 100 100 100 100 100 100 100 100 100 100 100 100 100 100 100 100
100.0015578 99.8477246 100.0117647 99.9387738 99.9999956 100.9960784 99.8515226 100.1061269 100.9686275 99.8529869 99.9320544 100.9764706 100.061237 100.000142 100.0 100.0871957 100.1715072 100.9333333 100.0994622 100.3265073 100.9137255 99.9969056 100.3483391 100.9137255 99.9510019 100.3455771 100.9215686 100 100 100 100 100 100 100.0382699 100.3510554 100.9137255 100 100 100 100 100 100 99.9908127 99.8340648 100.0313725 100.0137853 99.8340448 100.0313725 99.9755145 99.8693863 100.0313725 100.0336119 99.86673 100.0 100 100 100 100 100 100 100 100 100 100 100 100 100 100 100 100 100 100
100.0045557 99.8477058 100.0 99.9387776 99.9999662 100.9843137 99.8529933 100.1061158 100.9647059 99.8408062 99.9320897 100.9647059 100.0612385 100.0001507 100.0 100.087215 100.1713982 100.9215686 100.1009704 100.3265416 100.9019608 99.9969323 100.3456203 100.9019608 99.9510334 100.3428349 100.9098039 100 100 100 100 100 100 100.0382627 100.3510329 100.9019608 100 100 100 100 100 100 99.9938585 99.8340595 100.0078431 100.0168027 99.8340931 100.0078431 99.9755657 99.8693034 100.0078431 100.0350897 99.8667998 100.0 100 100 100 100 100 100 100 100 100 100 100 100 100 100 100 100 100 100
100.0076043 99.8477815 100.027451 99.9387734 99.9999174 100.0078431 99.853017 100.1062037 100.9843137 99.8193691 99.9456066 100.9764706 100.0612281 100.0027392 100.0 100.0887239 100.1741793 100.9568627 100.1024988 100.3265409 100.9215686 99.9984022 100.3482867 100.9215686 99.9510332 100.3428326 100.9215686 100 100 100 100 100 100 100.0427799 100.3510502 100.9215686 100 100 100 100 100 100 99.9968534 99.8367117 100.027451 100.0213204 99.839442 100.027451 99.9770532 99.8667953 100.0392157 100.035139 99.8694224 100.0078431 100 100 100 100 100 100 100 100 100 100 100 100 100 100 100 100 100 100
100.0091012 99.8477367 100.027451 99.9387612 99.9998982 100.0 99.8530641 100.1088032 100.9686275 99.8132653 99.9563529 100.9843137 100.0612505 100.0027115 100.0 100.0872599 100.171495 100.9411765 100.1040511 100.3292336 100.9215686 99.996925 100.3455672 100.9215686 99.9510257 100.340126 100.9294118 100 100 100 100 100 100 100.0382815 100.3510075 100.9215686 100 100 100 100 100 100 99.9969396 99.8339911 100.027451 100.021384 99.8394051 100.027451 99.9785637 99.8667027 100.0392157 100.0351905 99.8694606 100.0196078 100 100 100 100 100 100 100 100 100 100 100 100 100 100 100 100 100 100
100.0091322 99.8477464 100.0078431 99.938764 99.9998849 100.9843137 99.8530295 100.1087904 100.9647059 99.8025644 99.9618473 100.9568627 100.0612437 100.0027398 100.0 100.0887322 100.1740939 100.9215686 100.1055285 100.3293169 100.9019608 99.9983892 100.3482425 100.9019608 99.9510433 100.3428193 100.9098039 100 100 100 100 100 100 100.0397523 100.3510029 100.9019608 100 100 100 100 100 100 99.9983617 99.834 100.0078431 100.0213981 99.8394209 100.0078431 99.9800789 99.8666357 100.0078431 100.0351869 99.8694336 100.0 100 100 100 100 100 100 100 100 100 100 100 100 100 100 100 100 100 100
100.0105864 99.8502827 100.0196078 99.9387507 99.9998824 100.0117647 99.8529824 100.1115325 100.9882353 99.7933213 99.9753458 100.9686275 100.0626884 100.0027194 100.0117647 100.0887354 100.1742566 100.9333333 100.1055576 100.3319397 100.9137255 99.9968988 100.3509575 100.9137255 99.9509746 100.3455839 100.9137255 100 100 100 100 100 100 100.0397427 100.3564285 100.9137255 100 100 100 100 100 100 99.9984155 99.8339587 100.0196078 100.0228703 99.8420311 100.0196078 99.9815995 99.8665793 100.0196078 100.0352277 99.8694934 100.0117647 100 100 100 100 100 100 100 100 100 100 100 100 100 100 100 100 100 100
100.0106033 99.8502591 100.0352941 99.9387617 99.9998597 100.0156863 99.8545492 100.1115044 100.0156863 99.7795023 99.9999348 100.9764706 100.0626783 100.0053566 100.0 100.0872488 100.1741644 100.9490196 100.1055169 100.3400142 100.9294118 99.996851 100.3509798 100.9294118 99.9509258 100.3482078 100.9490196 100 100 100 100 100 100 100.0382219 100.3591037 100.9294118 100 100 100 100 100 100 99.9984496 99.8313005 100.0352941 100.0229128 99.8420062 100.0352941 99.9831274 99.8639443 100.0352941 100.0366342 99.8694906 100.027451 100 100 100 100 100 100 100 100 100 100 100 100 100 100 100 100 100 100
100.0106239 99.8502317 100.0078431 99.9387598 99.9998678 100.9921569 99.8575865 100.1088941 100.9568627 99.7749609 100.0190717 100.9490196 100.0626781 100.0053607 100.9764706 100.087197 100.1740177 100.9215686 100.1040047 100.3346124 100.9019608 99.9953409 100.3536569 100.9019608 99.9494835 100.3482624 100.9215686 100 100 100 100 100 100 100.0381813 100.361797 100.9019608 100 100 100 100 100 100 99.9984721 99.8312884 100.0078431 100.0229277 99.8420038 100.0078431 99.9831271 99.8639162 100.0078431 100.0366429 99.8720181 100.0 100 100 100 100 100 100 100 100 100 100 100 100 100 100 100 100 100 100
100.0106333 99.8502059 100.0196078 99.938765 99.9998599 100.0 99.859129 100.1141491 100.9764706 99.7688785 100.0406998 100.9333333 100.0626852 100.0053721 100.0 100.0871964 100.1741538 100.9333333 100.1009972 100.3399703 100.9137255 99.9953181 100.3509031 100.9137255 99.9494781 100.3481552 100.9333333 100 100 100 100 100 100 100.0366713 100.3563594 100.9137255 100 100 100 100 100 100 99.9984807 99.8312632 100.0313725 100.02294 99.8420165 100.0196078 99.9845978 99.8638839 100.0196078 100.0366507 99.8720443 100.0117647 100 100 100 100 100 100 100 100 100 100 100 100 100 100 100 100 100 100
100.0106323 99.8476917 100.0352941 99.9387755 99.999848 100.0078431 99.8621911 100.1115799 100.0078431 99.7657832 100.0624283 100.9764706 100.0626699 100.0053879 100.0 100.0871695 100.1767736 100.9568627 100.100924 100.3400711 100.9294118 99.9922996 100.353661 100.9294118 99.9494366 100.3482461 100.9372549 100 100 100 100 100 100 100.0366408 100.3617904 100.9294118 100 100 100 100 100 100 99.9998548 99.831293 100.0470588 100.0229361 99.8420212 100.0352941 99.9845986 99.8664587 100.0352941 100.0366436 99.8720972 100.027451 100 100 100 100 100 100 100 100 100 100 100 100 100 100 100 100 100 100
100.0091968 99.8476778 100.0196078 99.9387863 99.9998679 100.0117647 99.8622644 100.1169326 100.9960784 99.761255 100.0868693 100.9333333 100.061252 100.0054182 100.9960784 100.0857081 100.1741935 100.9215686 100.0979898 100.3427309 100.9137255 99.9923821 100.3509004 100.9137255 99.948005 100.345529 100.9215686 100 100 100 100 100 100 100.0352491 100.3536716 100.9137255 100 100 100 100 100 100 99.9984148 99.8338969 100.0313725 100.0214964 99.8420111 100.0196078 99.9831569 99.8664607 100.0196078 100.0352111 99.872053 100.0117647 100 100 100 100 100 100 100 100 100 100 100 100 100 100 100 100 100 100
100.0106141 99.8501813 100.0196078 99.9402048 99.9998619 100.0117647 99.8651781 100.1223721 100.0 99.7626849 100.108805 100.9333333 100.0626659 100.005382 100.9960784 100.0856928 100.1767909 100.9215686 100.0979617 100.3426452 100.9137255 99.9922709 100.3508803 100.9137255 99.9494007 100.3454667 100.9215686 100 100 100 100 100 100 100.0366375 100.3563182 100.9137255 100 100 100 100 100 100 99.9984635 99.833871 100.0196078 100.0229212 99.8420183 100.0196078 99.9845801 99.8638859 100.0196078 100.0366262 99.8720737 100.0117647 100 100 100 100 100 100 100 100 100 100 100 100 100 100 100 100 100 100
100.0105814 99.8501985 100.027451 99.9387645 99.9998658 100.0078431 99.8667854 100.1278489 100.9960784 99.765719 100.1711642 100.9411765 100.0626846 100.005342 100.0 100.0857316 100.1768345 100.9490196 100.0979496 100.3399914 100.9215686 99.9953279 100.3481547 100.9215686 99.9494837 100.3427422 100.9411765 100 100 100 100 100 100 100.0367434 100.3536388 100.9215686 100 100 100 100 100 100 99.9984543 99.8312564 100.0392157 100.0229016 99.8419745 100.027451 99.9831247 99.8638801 100.027451 100.0366488 99.8719836 100.0196078 100 100 100 100 100 100 100 100 100 100 100 100 100 100 100 100 100 100
100.0091362 99.8476073 100.0 99.9387607 99.9998626 100.9921569 99.8698843 100.1306165 100.9764706 99.7688874 100.195714 100.9019608 100.0612506 100.0027323 100.0 100.0857337 100.1767336 100.9294118 100.0978853 100.3426919 100.9019608 99.9938381 100.3482255 100.9019608 99.9494452 100.3427695 100.9215686 100 100 100 100 100 100 100.036744 100.3563699 100.9019608 100 100 100 100 100 100 99.9984446 99.8311734 100.0078431 100.0228504 99.8393487 100.0 99.9816215 99.8638412 100.0078431 100.0366423 99.8719688 100.0 100 100 100 100 100 100 100 100 100 100 100 100 100 100 100 100 100 100
100.0076031 99.8475104 100.0196078 99.9387423 99.9998436 100.0196078 99.8744267 100.1359169 100.9960784 99.7765444 100.2177301 100.7098039 100.0612666 100.0052921 100.0 100.0857292 100.1768097 100.9490196 100.0978878 100.337316 100.9294118 99.9923534 100.3481589 100.9215686 99.9494616 100.3427456 100.9411765 100 100 100 100 100 100 100.036741 100.3535931 100.9215686 100 100 100 100 100 100 99.9969338 99.8285486 100.027451 100.0213717 99.8339308 100.0196078 99.9800785 99.8665124 100.027451 100.0352275 99.8693964 100.0078431 100 100 100 100 100 100 100 100 100 100 100 100 100 100 100 100 100 100
100.0000825 99.847387 100.0117647 99.9373059 99.9998501 100.0117647 99.8776283 100.1496139 100.9882353 99.7918468 100.2665864 100.9333333 100.0612633 100.0027082 100.0 100.0857599 100.1794612 100.9333333 100.0964734 100.3372974 100.9137255 99.9938847 100.3481645 100.9137255 99.9495122 100.3454152 100.9215686 100 100 100 100 100 100 100.036772 100.3509228 100.9137255 100 100 100 100 100 100 99.9908599 99.828469 100.0117647 100.0138168 99.8311701 100.0117647 99.9756256 99.866495 100.0392157 100.0351604 99.8692374 100.0 100 100 100 100 100 100 100 100 100 100 100 100 100 100 100 100 100 100
100.0000572 99.8449516 100.0078431 99.9373189 99.9999152 100.0196078 99.8837147 100.1550797 100.9843137 99.8026667 100.2830674 100.9411765 100.0612367 100.0026549 100.0 100.0857399 100.1740788 100.9490196 100.0964921 100.329231 100.9294118 99.9924248 100.3482561 100.9215686 99.9495548 100.3455075 100.9411765 100 100 100 100 100 100 100.0367743 100.3536332 100.9215686 100 100 100 100 100 100 99.9893436 99.8284802 100.0196078 100.0123558 99.8286041 100.0078431 99.9756069 99.8665565 100.0392157 100.0336981 99.8692772 100.0078431 100 100 100 100 100 100 100 100 100 100 100 100 100 100 100 100 100 100
99.9999805 99.8448676 100.0078431 99.938709 99.9999438 100.0078431 99.8897848 100.1604373 100.9960784 99.8162882 100.304628 100.9568627 100.0612093 100.0026188 100.0 100.0871305 100.1741023 100.9411765 100.097897 100.3292304 100.9294118 99.9953235 100.3509716 100.9215686 99.950933 100.3482535 100.9294118 100 100 100 100 100 100 100.0382239 100.3563947 100.9215686 100 100 100 100 100 100 99.9892265 99.8259373 100.0196078 100.013645 99.8285322 100.0078431 99.9769771 99.8665379 100.0392157 100.0321033 99.8692897 100.0078431 100 100 100 100 100 100 100 100 100 100 100 100 100 100 100 100 100 100
99.9999151 99.8448098 100.0 99.9387083 99.9999439 100.0 99.8928518 100.1686056 100.9764706 99.8285104 100.3236477 100.9411765 100.0611944 100.0025938 100.0 100.0857327 100.1740083 100.9411765 100.0979195 100.3318297 100.9215686 99.9953539 100.3481576 100.9137255 99.9509967 100.3427699 100.9333333 100 100 100 100 100 100 100.03822 100.3509077 100.9137255 100 100 100 100 100 100 99.9891813 99.8258769 100.0117647 100.0122185 99.8259209 100.0117647 99.9769359 99.863888 100.0313725 100.0305828 99.8692071 100.0 100 100 100 100 100 100 100 100 100 100 100 100 100 100 100 100 100 100
99.9939283 99.8421597 100.0156863 99.9357836 100.0000098 100.0156863 99.9036386 100.1714535 100.9921569 99.8545771 100.3454486 100.9490196 100.0612053 100.0000144 100.0 100.0857932 100.1714167 100.9568627 100.0980109 100.3291403 100.9294118 99.9954604 100.3482236 100.9294118 99.951088 100.3481987 100.9490196 100 100 100 100 100 100 100.0383439 100.3509216 100.9372549 100 100 100 100 100 100 99.9862868 99.8258127 100.027451 100.0106985 99.825852 100.0156863 99.9740482 99.8639269 100.0352941 100.0261391 99.8667178 100.0078431 100 100 100 100 100 100 100 100 100 100 100 100 100 100 100 100 100 100
99.9923333 99.8447047 100.0078431 99.9371836 99.9999994 100.0196078 99.9081624 100.1739707 100.9843137 99.8668682 100.3482892 100.9411765 100.0611974 100.00003 100.0 100.0872395 100.1739854 100.9411765 100.0994709 100.3292063 100.9294118 99.9953693 100.3509484 100.9215686 99.9525032 100.3482519 100.9294118 100 100 100 100 100 100 100.039766 100.356367 100.9215686 100 100 100 100 100 100 99.9846753 99.8258578 100.027451 100.0076321 99.8258389 100.0196078 99.9754476 99.8666016 100.027451 100.0275255 99.8692117 100.0 100 100 100 100 100 100 100 100 100 100 100 100 100 100 100 100 100 100
99.9909039 99.8447669 100.9960784 99.9357358 100.0000409 100.0 99.9142463 100.1740578 100.9882353 99.8791359 100.3483038 100.9411765 100.0612197 99.9999901 100.0 100.0872505 100.1713959 100.9411765 100.0995168 100.3292302 100.9137255 99.995434 100.3509914 100.9137255 99.9525637 100.3482931 100.9215686 100 100 100 100 100 100 100.0398399 100.3537211 100.9137255 100 100 100 100 100 100 99.98169 99.8259159 100.0196078 100.0061308 99.8259037 100.0 99.9739787 99.8666502 100.0117647 100.0275156 99.8692717 100.9960784 100 100 100 100 100 100 100 100 100 100 100 100 100 100 100 100 100 100
99.9909005 99.8447794 100.9960784 99.935721 100.0001215 100.0 99.9174323 100.1768433 100.9882353 99.9020823 100.3510852 100.9333333 100.0612404 99.9999549 100.0 100.0887825 100.1714506 100.9490196 100.1010544 100.3292231 100.9137255 99.9969678 100.3482971 100.9137255 99.954122 100.3482531 100.9215686 100 100 100 100 100 100 100.0413456 100.3510189 100.9137255 100 100 100 100 100 100 99.9801905 99.8259252 100.0196078 100.004612 99.8258507 100.0117647 99.9709127 99.8665707 100.0196078 100.0275658 99.8665893 100.9960784 100 100 100 100 100 100 100 100 100 100 100 100 100 100 100 100 100 100
99.9923308 99.8447303 100.0196078 99.9357079 100.0001115 100.027451 99.9204043 100.1740479 100.0 99.9081472 100.3509953 100.9607843 100.0627085 99.9999365 100.0 100.0902681 100.1714188 100.9607843 100.1025412 100.3292712 100.9490196 99.998435 100.3455396 100.9411765 99.9555577 100.3454959 100.9607843 100 100 100 100 100 100 100.0428031 100.348278 100.9411765 100 100 100 100 100 100 99.9816084 99.8259007 100.0470588 100.0046339 99.8258209 100.0392157 99.9708674 99.8665009 100.0470588 100.0290001 99.8665101 100.0196078 100 100 100 100 100 100 100 100 100 100 100 100 100 100 100 100 100 100
99.9922883 99.844741 100.9960784 99.9356994 100.0026674 100.0 99.9204501 100.1769013 100.9764706 99.9081916 100.3564007 100.9215686 100.0627172 99.9999116 100.0 100.0902833 100.1740303 100.9215686 100.1025461 100.3292473 100.9137255 99.9984674 100.3483058 100.9137255 99.9556025 100.3482659 100.9215686 100 100 100 100 100 100 100.0428285 100.3510088 100.9137255 100 100 100 100 100 100 99.9815636 99.8259552 100.0196078 100.0046083 99.8258084 100.0 99.9694196 99.8666237 100.0313725 100.0289798 99.866541 100.9882353 100 100 100 100 100 100 100 100 100 100 100 100 100 100 100 100 100 100
99.993786 99.8422206 100.0 99.9357489 100.0027576 100.0 99.9204175 100.1768296 100.9882353 99.9066331 100.3509689 100.9333333 100.0612338 99.9973681 100.0 100.0918109 100.1713448 100.9411765 100.1040509 100.3265143 100.9137255 100.0030613 100.3455896 100.9137255 99.9586546 100.3455498 100.9215686 100 100 100 100 100 100 100.0444252 100.3509697 100.9137255 100 100 100 100 100 100 99.9816854 99.8259595 100.0117647 100.0060782 99.8257926 100.0 99.970935 99.8639141 100.0196078 100.0290164 99.8665467 100.9960784 100 100 100 100 100 100 100 100 100 100 100 100 100 100 100 100 100 100
99.9923397 99.8422172 100.0 99.9357493 100.0027506 100.0 99.9203162 100.1768208 100.9960784 99.9005313 100.3483938 100.9411765 100.0627198 99.9998771 100.0 100.0917805 100.1713262 100.9568627 100.104061 100.3264584 100.9215686 100.0030716 100.3455665 100.9215686 99.9586544 100.3455611 100.9411765 100 100 100 100 100 100 100.0444133 100.3482797 100.9215686 100 100 100 100 100 100 99.9816588 99.8259379 100.0196078 100.0060649 99.8257726 100.0078431 99.9709226 99.8639732 100.027451 100.0290268 99.8639051 100.0 100 100 100 100 100 100 100 100 100 100 100 100 100 100 100 100 100 100
99.9923593 99.8421962 100.0 99.9357603 100.0027176 100.0 99.9188553 100.1741047 100.9843137 99.8975397 100.3483215 100.9411765 100.0612535 99.999896 100.0 100.0918306 100.1713615 100.9490196 100.1040796 100.3264374 100.9215686 100.0045825 100.3482207 100.9215686 99.958706 100.345538 100.9294118 100 100 100 100 100 100 100.0459169 100.3482889 100.9215686 100 100 100 100 100 100 99.9816829 99.8259174 100.027451 100.0060743 99.825763 100.0078431 99.970925 99.863849 100.0196078 100.0275924 99.8638795 100.0078431 100 100 100 100 100 100 100 100 100 100 100 100 100 100 100 100 100 100
99.9923461 99.8421507 100.0 99.9357522 100.0027167 100.0 99.9143312 100.1742156 100.9882353 99.8944407 100.3482445 100.9333333 100.0612566 99.9998902 100.0 100.0918045 100.1713189 100.9333333 100.1040579 100.3264374 100.9215686 100.0030715 100.3455482 100.9137255 99.9586686 100.3455368 100.9215686 100 100 100 100 100 100 100.0444428 100.3482284 100.9137255 100 100 100 100 100 100 99.9816793 99.8258771 100.0196078 100.0060686 99.8257164 100.0117647 99.9709146 99.8638231 100.0117647 100.0275867 99.8638557 100.9960784 100 100 100 100 100 100 100 100 100 100 100 100 100 100 100 100 100 100
99.9937881 99.8421488 100.0 99.9372249 100.0027124 100.0078431 99.9127358 100.1714481 100.9843137 99.8866895 100.3481227 100.9411765 100.0627158 99.9999075 100.0 100.0932868 100.1713693 100.9411765 100.1055084 100.3238377 100.9215686 100.0045507 100.3455173 100.9215686 99.9601277 100.3455322 100.9294118 100 100 100 100 100 100 100.0459262 100.3482078 100.9215686 100 100 100 100 100 100 99.9831449 99.8258453 100.0196078 100.0061161 99.8257192 100.0078431 99.9723915 99.8638177 100.027451 100.0290628 99.8639026 100.0 100 100 100 100 100 100 100 100 100 100 100 100 100 100 100 100 100 100
99.9922968 99.8447084 100.0 99.9372436 100.0027126 100.0078431 99.9112105 100.1739878 100.9843137 99.8836203 100.3455129 100.9294118 100.0612052 99.9998955 100.0 100.0932508 100.171237 100.9490196 100.1054951 100.3236964 100.9215686 100.0030471 100.3455459 100.9215686 99.9586941 100.3455423 100.9411765 100 100 100 100 100 100 100.045924 100.3482427 100.9215686 100 100 100 100 100 100 99.9831339 99.8258566 100.0196078 100.0060989 99.825737 100.0078431 99.972398 99.8638203 100.027451 100.0290653 99.8638614 100.0 100 100 100 100 100 100 100 100 100 100 100 100 100 100 100 100 100 100
99.9908253 99.8447549 100.9843137 99.9372494 100.0027401 100.9921569 99.9111636 100.1740144 100.9843137 99.8775733 100.3454096 100.9215686 100.0612293 99.9998864 100.0 100.0918448 100.1712686 100.9490196 100.1040917 100.323663 100.9019608 100.0030645 100.3482225 100.9019608 99.9586648 100.3482466 100.9098039 100 100 100 100 100 100 100.0459514 100.3482708 100.9019608 100 100 100 100 100 100 99.9831401 99.8258769 100.0078431 100.0061054 99.8257868 100.9921569 99.9724139 99.8611996 100.0078431 100.029054 99.8664555 100.9843137 100 100 100 100 100 100 100 100 100 100 100 100 100 100 100 100 100 100
