100.0076271 99.8450548 100.0078431 99.9372666 99.9974107 100.0 99.8959156 100.1686187 100.9843137 99.811725 100.2774928 100.9490196 100.0612239 100.0001212 100.0 100.0887678 100.1742729 100.9294118 100.1025016 100.3292659 100.9098039 99.9953842 100.3456075 100.9019608 99.9495318 100.3401547 100.9098039 100 100 100 100 100 100 100.0382881 100.3483443 100.9019608 100 100 100 100 100 100 99.9953716 99.8313073 100.0078431 100.0198444 99.8340717 100.0078431 99.9786078 99.8639941 100.0078431 100.0321373 99.8667166 100.0 100 100 100 100 100 100 100 100 100 100 100 100 100 100 100 100 100 100
100.0075864 99.8476136 100.027451 99.9372485 99.9999486 100.0078431 99.8897475 100.1658413 100.0 99.7995186 100.2583831 100.9490196 100.0627363 100.0026463 100.0 100.088754 100.1741472 100.9490196 100.1024865 100.3318695 100.9294118 99.9953493 100.3454095 100.9294118 99.9525426 100.3372532 100.9294118 100 100 100 100 100 100 100.0397362 100.3481321 100.9294118 100 100 100 100 100 100 99.9953325 99.8338689 100.027451 100.0198057 99.836614 100.027451 99.9800201 99.8664925 100.027451 100.0321225 99.8692323 100.0196078 100 100 100 100 100 100 100 100 100 100 100 100 100 100 100 100 100 100
100.0061017 99.8476409 100.0 99.9372417 99.9999178 100.9960784 99.8821279 100.1523544 100.9686275 99.7826243 100.2012137 100.9137255 100.0627283 100.0026453 100.0 100.088764 100.1766936 100.9137255 100.1025166 100.3345453 100.9019608 99.9938763 100.3481156 100.8941176 99.9525598 100.3400233 100.9019608 100 100 100 100 100 100 100.0382586 100.3481668 100.8941176 100 100 100 100 100 100 99.9938658 99.8338804 100.0 100.0183585 99.8392665 100.0 99.9785864 99.8665013 100.0 100.0306869 99.8692041 100.9960784 100 100 100 100 100 100 100 100 100 100 100 100 100 100 100 100 100 100
100.0061144 99.8476786 100.0196078 99.9372307 99.9999147 100.0117647 99.880571 100.149663 100.9882353 99.7734715 100.1739842 100.9411765 100.0627247 100.002658 100.0 100.0887575 100.1741371 100.9411765 100.1025474 100.3426849 100.9215686 99.9938761 100.3482014 100.9137255 99.9525219 100.3454381 100.9137255 100 100 100 100 100 100 100.0397331 100.3509144 100.9137255 100 100 100 100 100 100 99.9938911 99.8339336 100.0196078 100.0183667 99.8393489 100.0196078 99.9785883 99.8665671 100.0117647 100.0306952 99.8692186 100.0117647 100 100 100 100 100 100 100 100 100 100 100 100 100 100 100 100 100 100
100.0046239 99.8476611 100.027451 99.9357356 99.9999276 100.0078431 99.8714457 100.1441473 100.9960784 99.7704847 100.1141888 100.9490196 100.061235 100.002641 100.0 100.0872967 100.1767317 100.9490196 100.1025331 100.3426911 100.9294118 99.9924263 100.3454816 100.9294118 99.952596 100.3373512 100.9294118 100 100 100 100 100 100 100.0382789 100.3481668 100.9215686 100 100 100 100 100 100 99.9924212 99.8312601 100.027451 100.0168913 99.8393137 100.027451 99.9785166 99.8664716 100.0196078 100.030619 99.869222 100.0196078 100 100 100 100 100 100 100 100 100 100 100 100 100 100 100 100 100 100
100.0046258 99.8476767 100.0078431 99.9357233 99.9999354 100.9921569 99.8699282 100.1441494 100.9764706 99.7750572 100.0870083 100.9294118 100.0612238 100.0026566 100.0 100.0872802 100.174165 100.9294118 100.1025556 100.3400606 100.9098039 99.9924157 100.3509348 100.9098039 99.9525394 100.3454874 100.9098039 100 100 100 100 100 100 100.0383009 100.3536558 100.9098039 100 100 100 100 100 100 99.9924314 99.8312726 100.0078431 100.0168845 99.8367231 100.0078431 99.9770929 99.863945 100.0 100.0306137 99.8667282 100.0 100 100 100 100 100 100 100 100 100 100 100 100 100 100 100 100 100 100
100.0046467 99.8476645 100.0196078 99.9357419 99.9998988 100.0196078 99.8684475 100.1360608 100.9960784 99.7826607 100.0651975 100.9686275 100.0612525 100.0026997 100.0 100.0872975 100.1741988 100.9568627 100.1025604 100.3401306 100.9294118 99.9938943 100.3483286 100.9294118 99.9525931 100.3455493 100.9215686 100 100 100 100 100 100 100.0397621 100.3509986 100.9294118 100 100 100 100 100 100 99.9924587 99.831284 100.0196078 100.0169023 99.8367217 100.0196078 99.9785254 99.8639733 100.0196078 100.0306349 99.8667806 100.0196078 100 100 100 100 100 100 100 100 100 100 100 100 100 100 100 100 100 100
100.0061448 99.8476526 100.0470588 99.9357287 99.999914 100.027451 99.8638149 100.1361085 100.0196078 99.7980391 100.0190602 100.9960784 100.0627457 100.0026868 100.0078431 100.0902463 100.176892 100.9764706 100.1026133 100.3401008 100.9568627 99.9939198 100.3483356 100.9490196 99.9525678 100.3455197 100.9568627 100 100 100 100 100 100 100.0398014 100.3510223 100.9490196 100 100 100 100 100 100 99.9939491 99.8312403 100.054902 100.0184064 99.8367106 100.0470588 99.9786159 99.8639184 100.0470588 100.0321402 99.8692694 100.0470588 100 100 100 100 100 100 100 100 100 100 100 100 100 100 100 100 100 100
100.007648 99.8476399 100.027451 99.9357576 99.9973986 100.027451 99.8637792 100.1387823 100.9764706 99.8118031 100.002723 100.9764706 100.0627586 100.0027084 100.0 100.0903127 100.1768575 100.9490196 100.1040745 100.3428632 100.9294118 99.9954167 100.3456092 100.9294118 99.9555578 100.3401558 100.9294118 100 100 100 100 100 100 100.0412614 100.3482638 100.9294118 100 100 100 100 100 100 99.9954644 99.8286911 100.0196078 100.0199031 99.8367075 100.0196078 99.9815305 99.863931 100.0196078 100.033634 99.8667719 100.0196078 100 100 100 100 100 100 100 100 100 100 100 100 100 100 100 100 100 100
100.0076241 99.8476664 100.0196078 99.9372036 99.999928 100.0078431 99.8637488 100.1361033 100.9764706 99.825544 99.9918347 100.9764706 100.062755 100.0001514 100.0 100.0902431 100.1741502 100.9490196 100.1040291 100.3428516 100.9294118 99.9954046 100.3456037 100.9294118 99.9555952 100.3401359 100.9294118 100 100 100 100 100 100 100.0397426 100.3482706 100.9294118 100 100 100 100 100 100 99.995445 99.8286979 100.027451 100.0198811 99.8367109 100.027451 99.9815327 99.8639779 100.0196078 100.0322114 99.8667687 100.0196078 100 100 100 100 100 100 100 100 100 100 100 100 100 100 100 100 100 100
100.0076421 99.8476434 100.0196078 99.9372547 99.9974207 100.0 99.860781 100.14148 100.9843137 99.8591679 99.9783657 100.9764706 100.0627443 100.000171 100.0 100.0872475 100.1741276 100.9411765 100.1025522 100.3374381 100.9294118 99.9954303 100.3429049 100.9294118 99.9555903 100.3374413 100.9294118 100 100 100 100 100 100 100.0397914 100.3455628 100.9294118 100 100 100 100 100 100 99.9954509 99.82866 100.027451 100.0198946 99.8340527 100.027451 99.9815462 99.8639798 100.0196078 100.032225 99.8667267 100.0078431 100 100 100 100 100 100 100 100 100 100 100 100 100 100 100 100 100 100
100.0076202 99.8476542 100.0196078 99.9372576 99.9974078 100.0 99.8607227 100.1415385 100.9764706 99.8714384 99.9782779 100.9686275 100.0627331 100.0027237 100.0078431 100.0887207 100.1741959 100.9411765 100.1025065 100.3427784 100.9294118 99.9954187 100.3456282 100.9294118 99.9555687 100.3401377 100.9215686 100 100 100 100 100 100 100.0397981 100.3456363 100.9294118 100 100 100 100 100 100 99.9954216 99.8286668 100.027451 100.0198743 99.8340309 100.0196078 99.9801197 99.8639126 100.0196078 100.0322093 99.8666865 100.0196078 100 100 100 100 100 100 100 100 100 100 100 100 100 100 100 100 100 100
100.0061147 99.8476434 100.0117647 99.9372805 99.9973651 100.9960784 99.8592135 100.1415306 100.9686275 99.882066 99.9809922 100.9686275 100.0612466 100.0027387 100.0 100.0856941 100.1742183 100.9333333 100.1009641 100.3427975 100.9215686 99.9938546 100.3482834 100.9215686 99.9525514 100.3401699 100.9137255 100 100 100 100 100 100 100.0367514 100.348347 100.9215686 100 100 100 100 100 100 99.9939168 99.8286644 100.0196078 100.0183659 99.8339974 100.0196078 99.9800346 99.8639624 100.0117647 100.0307078 99.8666828 100.0117647 100 100 100 100 100 100 100 100 100 100 100 100 100 100 100 100 100 100
100.0031394 99.8476007 100.0117647 99.9372808 99.9973614 100.0 99.8576931 100.1414968 100.9686275 99.8806881 99.9836129 100.9607843 100.0612501 100.0027148 100.0 100.0826943 100.176803 100.9411765 100.093423 100.3347164 100.9137255 99.9908706 100.3455414 100.9137255 99.951044 100.3346797 100.9137255 100 100 100 100 100 100 100.0352384 100.3483003 100.9137255 100 100 100 100 100 100 99.9909561 99.8286229 100.0196078 100.0153901 99.8339698 100.0196078 99.9770451 99.863902 100.0117647 100.029153 99.8666438 100.0117647 100 100 100 100 100 100 100 100 100 100 100 100 100 100 100 100 100 100
100.0031628 99.8476096 100.0117647 99.9373147 99.9973367 100.9960784 99.8592385 100.1414897 100.9607843 99.8775835 99.9782625 100.9686275 100.0612242 100.0027429 100.0 100.0826998 100.1769004 100.9411765 100.0934165 100.3319992 100.9215686 99.9908479 100.3456358 100.9137255 99.9495049 100.3401563 100.9137255 100 100 100 100 100 100 100.0352349 100.3483322 100.9137255 100 100 100 100 100 100 99.9924084 99.8286583 100.0196078 100.0154034 99.8339908 100.0117647 99.9770718 99.8640159 100.0117647 100.029174 99.8666923 100.0117647 100 100 100 100 100 100 100 100 100 100 100 100 100 100 100 100 100 100
100.0031987 99.8476121 100.0196078 99.9372784 99.9973284 100.0078431 99.8623023 100.1388325 100.9764706 99.8669284 99.9755576 100.9764706 100.061241 100.0027653 100.9960784 100.0826916 100.1742389 100.9490196 100.0934039 100.331956 100.9294118 99.9908431 100.3455616 100.9215686 99.9495584 100.3347125 100.9215686 100 100 100 100 100 100 100.0352338 100.3483019 100.9215686 100 100 100 100 100 100 99.9924427 99.8286407 100.0196078 100.0154437 99.8313841 100.0196078 99.9770801 99.8665437 100.0196078 100.0306484 99.8666948 100.0196078 100 100 100 100 100 100 100 100 100 100 100 100 100 100 100 100 100 100
100.0061153 99.8475797 100.0196078 99.937255 99.9972348 100.0 99.8652627 100.1334106 100.9764706 99.8423601 99.975445 100.9764706 100.0612453 100.0054552 100.9843137 100.0856622 100.1796563 100.9490196 100.0948909 100.3455828 100.9215686 99.9908717 100.3455934 100.9215686 99.9509841 100.3374164 100.9215686 100 100 100 100 100 100 100.036758 100.3483253 100.9215686 100 100 100 100 100 100 99.9969131 99.8285821 100.027451 100.0183936 99.8313755 100.027451 99.9785275 99.8639949 100.0196078 100.0336841 99.8667323 100.0196078 100 100 100 100 100 100 100 100 100 100 100 100 100 100 100 100 100 100
100.0062096 99.8475728 100.027451 99.9372849 99.9971871 100.0078431 99.863824 100.1307751 100.9764706 99.8301136 99.9782277 100.9764706 100.0612529 100.0055124 100.0 100.0842235 100.1823152 100.9490196 100.0964741 100.3455987 100.9372549 99.9893771 100.3428465 100.9372549 99.9495311 100.3319837 100.9294118 100 100 100 100 100 100 100.035242 100.345588 100.9372549 100 100 100 100 100 100 99.9970303 99.8285612 100.0352941 100.0199723 99.8313941 100.0352941 99.9771241 99.8640224 100.0352941 100.0337484 99.8667781 100.027451 100 100 100 100 100 100 100 100 100 100 100 100 100 100 100 100 100 100
100.0092436 99.8475888 100.027451 99.9357952 99.9971682 100.0 99.8638175 100.1306627 100.9960784 99.821026 99.9783679 100.9686275 100.0612761 100.0055305 100.0 100.0842546 100.1850357 100.9411765 100.0964928 100.3454619 100.9215686 99.9893574 100.3455575 100.9215686 99.9495291 100.3374077 100.9137255 100 100 100 100 100 100 100.0352401 100.3483033 100.9215686 100 100 100 100 100 100 99.9985325 99.82605 100.027451 100.0229825 99.8340077 100.027451 99.9771358 99.8639569 100.0196078 100.0352713 99.8693178 100.0196078 100 100 100 100 100 100 100 100 100 100 100 100 100 100 100 100 100 100
100.0107571 99.8475865 100.027451 99.9372707 99.9946281 100.9843137 99.8623351 100.1305988 100.9960784 99.8178768 99.9810108 100.9686275 100.0612673 100.0081712 100.0 100.0842642 100.179665 100.9411765 100.0979918 100.3455778 100.9215686 99.9893523 100.3456485 100.9215686 99.9480415 100.3401858 100.9215686 100 100 100 100 100 100 100.0337678 100.3483254 100.9215686 100 100 100 100 100 100 99.999985 99.8285905 100.027451 100.0230344 99.8340631 100.027451 99.9771707 99.8639929 100.027451 100.035305 99.869332 100.0196078 100 100 100 100 100 100 100 100 100 100 100 100 100 100 100 100 100 100
100.0121941 99.8475768 100.027451 99.9372184 99.9972002 100.0156863 99.8637379 100.1305697 100.9764706 99.8224242 99.978312 100.9764706 100.0627058 100.0055136 100.0 100.0871515 100.1796841 100.9490196 100.0994765 100.3454921 100.9294118 99.990827 100.3455819 100.9294118 99.950972 100.3347561 100.9294118 100 100 100 100 100 100 100.0367262 100.345642 100.9294118 100 100 100 100 100 100 100.0000156 99.8285655 100.0352941 100.0244619 99.8340192 100.0352941 99.9785764 99.86401240000001 100.0352941 100.0367012 99.8693632 100.027451 100 100 100 100 100 100 100 100 100 100 100 100 100 100 100 100 100 100
100.0106723 99.8475918 100.0 99.9372356 99.9946648 100.9921569 99.8622144 100.1280149 100.9647059 99.830037 99.9781808 100.9490196 100.0626884 100.0055276 100.9921569 100.0871903 100.1850525 100.9215686 100.0995393 100.3455302 100.9019608 99.9908431 100.3455854 100.9019608 99.950953 100.3347355 100.9019608 100 100 100 100 100 100 100.0382009 100.3456492 100.9019608 100 100 100 100 100 100 99.9999456 99.8286136 100.0078431 100.0229318 99.83138 100.0078431 99.9785496 99.8665847 100.0078431 100.0366612 99.8668045 100.0 100 100 100 100 100 100 100 100 100 100 100 100 100 100 100 100 100 100
100.0061543 99.8475636 100.0196078 99.9357722 99.9972513 100.0 99.8592481 100.1306222 100.9686275 99.8454599 99.9673858 100.9686275 100.0612741 100.0028438 100.0 100.0872382 100.1823369 100.9411765 100.1010573 100.345516 100.9294118 99.9908444 100.3456107 100.9294118 99.9480128 100.3374612 100.9215686 100 100 100 100 100 100 100.0367379 100.3456331 100.9294118 100 100 100 100 100 100 99.9954725 99.8286048 100.027451 100.016932 99.8313847 100.027451 99.9771474 99.8666192 100.0196078 100.0321513 99.8666958 100.0196078 100 100 100 100 100 100 100 100 100 100 100 100 100 100 100 100 100 100
100.0046414 99.8475909 100.0117647 99.9357796 99.9972771 100.0 99.8577181 100.1306578 100.9607843 99.8561879 99.9673498 100.9607843 100.0612671 100.0028001 100.0 100.0872185 100.1796093 100.9333333 100.1010882 100.3455631 100.9137255 99.9908469 100.3482905 100.9137255 99.9495085 100.3401859 100.9137255 100 100 100 100 100 100 100.0352669 100.3483312 100.9137255 100 100 100 100 100 100 99.9939031 99.8286685 100.0117647 100.0168556 99.8313717 100.0117647 99.9770874 99.8666242 100.0117647 100.030632 99.8667177 100.0 100 100 100 100 100 100 100 100 100 100 100 100 100 100 100 100 100 100
100.003202 99.8476508 100.0196078 99.9357752 99.9972972 100.0 99.8577068 100.1306778 100.9686275 99.8684378 99.9727824 100.9568627 100.0612694 100.0027959 100.0 100.0872402 100.1769719 100.9490196 100.1011209 100.3429189 100.9215686 99.9908483 100.3483341 100.9215686 99.9465138 100.3428808 100.9215686 100 100 100 100 100 100 100.03675 100.3483754 100.9215686 100 100 100 100 100 100 99.9924086 99.8287025 100.0196078 100.0154189 99.8313556 100.0196078 99.9770812 99.8666158 100.0196078 100.0291698 99.8666151 100.0196078 100 100 100 100 100 100 100 100 100 100 100 100 100 100 100 100 100 100
100.0031137 99.8476144 100.0 99.9372772 99.9972831 100.9843137 99.8562252 100.1306442 100.9490196 99.8821912 99.9783115 100.9372549 100.0612251 100.0027788 100.9921569 100.0872153 100.1768892 100.9215686 100.1010392 100.3428409 100.9019608 99.9908678 100.3428455 100.9019608 99.9495467 100.332006 100.9019608 100 100 100 100 100 100 100.0352742 100.3455728 100.9019608 100 100 100 100 100 100 99.9908866 99.8286691 100.0078431 100.0153318 99.8312911 100.0078431 99.9770163 99.8640299 100.0 100.0276963 99.8666107 100.0 100 100 100 100 100 100 100 100 100 100 100 100 100 100 100 100 100 100
100.0045902 99.847646 100.0196078 99.9357413 99.9973093 100.0078431 99.8577174 100.130743 100.9686275 99.8837265 99.9783252 100.9568627 100.062716 100.0027735 100.0 100.0872633 100.1741692 100.9490196 100.1011039 100.3401962 100.9215686 99.9923226 100.3483116 100.9215686 99.9464665 100.3428668 100.9215686 100 100 100 100 100 100 100.0367692 100.348386 100.9215686 100 100 100 100 100 100 99.9923573 99.8286738 100.0196078 100.016802 99.8287403 100.0196078 99.977077 99.8665867 100.0196078 100.0305948 99.8665963 100.0078431 100 100 100 100 100 100 100 100 100 100 100 100 100 100 100 100 100 100
100.0045596 99.8476448 100.0196078 99.9387329 99.9973418 100.9960784 99.8592023 100.1334289 100.9607843 99.8729541 99.975479 100.9607843 100.0626778 100.0027668 100.0117647 100.0872103 100.1743092 100.9411765 100.1009787 100.3347447 100.9215686 99.9923277 100.3455962 100.9137255 99.950998 100.3374497 100.9137255 100 100 100 100 100 100 100.0381897 100.3456473 100.9137255 100 100 100 100 100 100 99.9923352 99.828701 100.0117647 100.0167678 99.8313273 100.0117647 99.9770311 99.8665811 100.0117647 100.0291384 99.8666271 100.0117647 100 100 100 100 100 100 100 100 100 100 100 100 100 100 100 100 100 100
100.0046016 99.8476199 100.0196078 99.9372262 99.9973122 100.0 99.8622362 100.1333405 100.9764706 99.8622319 99.9727322 100.9686275 100.0627201 100.0027962 100.0 100.0872054 100.1741848 100.9490196 100.1009793 100.3320353 100.9215686 99.9923797 100.3401429 100.9215686 99.952526 100.3292928 100.9215686 100 100 100 100 100 100 100.0382526 100.342866 100.9215686 100 100 100 100 100 100 99.9923728 99.8286867 100.027451 100.0168201 99.8313014 100.0196078 99.9770741 99.8665461 100.0196078 100.030593 99.8665897 100.0196078 100 100 100 100 100 100 100 100 100 100 100 100 100 100 100 100 100 100
100.0046479 99.8476659 100.027451 99.9357382 99.9972741 100.0156863 99.8638287 100.1334126 100.9843137 99.8469883 99.9728233 100.9647059 100.062731 100.0054545 100.0 100.0872606 100.1768881 100.9490196 100.1009628 100.3346962 100.9294118 99.9923946 100.3374295 100.9294118 99.9525502 100.3292844 100.9294118 100 100 100 100 100 100 100.0382732 100.3401867 100.9294118 100 100 100 100 100 100 99.9924397 99.8313284 100.027451 100.0168566 99.8314152 100.027451 99.9785214 99.8665977 100.027451 100.0306283 99.8666292 100.0156863 100 100 100 100 100 100 100 100 100 100 100 100 100 100 100 100 100 100
100.0047261 99.8476811 100.0392157 99.9357772 99.9972104 100.0117647 99.8668248 100.1307533 100.0117647 99.8316195 99.9782681 100.9764706 100.0612733 100.0055102 100.0 100.0872402 100.1823151 100.9607843 100.0995183 100.3374054 100.9411765 99.9923647 100.3455753 100.9411765 99.9495202 100.3401497 100.9411765 100 100 100 100 100 100 100.0382655 100.3456119 100.9411765 100 100 100 100 100 100 99.9939363 99.8312664 100.0470588 100.0169547 99.8340271 100.0470588 99.9786102 99.8666253 100.0392157 100.0321568 99.8666259 100.027451 100 100 100 100 100 100 100 100 100 100 100 100 100 100 100 100 100 100
100.0061414 99.8476137 100.027451 99.9372527 99.9971956 100.9921569 99.8653292 100.13328 100.9843137 99.8285902 99.9783355 100.9764706 100.0612671 100.0081304 100.0078431 100.0857148 100.1768839 100.9568627 100.0995032 100.340125 100.9372549 99.9923555 100.3455746 100.9294118 99.949539 100.3400895 100.9372549 100 100 100 100 100 100 100.0367349 100.3482711 100.9294118 100 100 100 100 100 100 99.9939657 99.8286672 100.0352941 100.0183651 99.8340283 100.0352941 99.9786033 99.8666048 100.027451 100.0306887 99.8667023 100.027451 100 100 100 100 100 100 100 100 100 100 100 100 100 100 100 100 100 100
100.0061415 99.8476359 100.0196078 99.9357521 99.9972387 100.0 99.8653515 100.1332874 100.9686275 99.8286399 99.9783149 100.9686275 100.0627373 100.0054575 100.0 100.0842091 100.1768211 100.9490196 100.0994938 100.337407 100.9294118 99.9923731 100.3401074 100.9294118 99.9525408 100.331936 100.9215686 100 100 100 100 100 100 100.0367777 100.3428395 100.9215686 100 100 100 100 100 100 99.9939705 99.8286597 100.0196078 100.0169658 99.8340507 100.0196078 99.9786006 99.8665795 100.0196078 100.0306893 99.8666537 100.0196078 100 100 100 100 100 100 100 100 100 100 100 100 100 100 100 100 100 100
100.0076838 99.8476701 100.0117647 99.9387336 99.997276 100.0 99.8668228 100.1333773 100.9686275 99.8453706 99.9755583 100.9686275 100.0627275 100.0054441 100.0 100.0856975 100.1768656 100.9411765 100.1024916 100.3455602 100.9215686 99.9939155 100.3401099 100.9215686 99.9540263 100.3319504 100.9058824 100 100 100 100 100 100 100.0367078 100.3454887 100.9215686 100 100 100 100 100 100 99.9968952 99.8312821 100.0117647 100.0199131 99.8366892 100.0117647 99.9815216 99.8665176 100.0117647 100.033634 99.8666835 100.0117647 100 100 100 100 100 100 100 100 100 100 100 100 100 100 100 100 100 100
100.0076477 99.8476614 100.027451 99.9372369 99.9973145 100.0 99.8637658 100.1359919 100.9764706 99.8545824 99.9754751 100.9686275 100.0627618 100.0054134 100.0 100.0857316 100.1822648 100.9490196 100.1025152 100.3454985 100.9215686 99.9953626 100.345457 100.9215686 99.954051 100.334642 100.9215686 100 100 100 100 100 100 100.038272 100.3455197 100.9215686 100 100 100 100 100 100 99.9954241 99.8312817 100.0196078 100.0198842 99.8366391 100.0196078 99.9801108 99.8665577 100.0196078 100.0322185 99.8666638 100.0196078 100 100 100 100 100 100 100 100 100 100 100 100 100 100 100 100 100 100
100.0076031 99.8476889 100.0117647 99.9372752 99.99986 100.9960784 99.8606793 100.1332569 100.9686275 99.876024 99.9781256 100.9607843 100.0612376 100.005368 100.9960784 100.0842063 100.1768118 100.9333333 100.1010338 100.3482187 100.9137255 99.995349 100.3454712 100.9137255 99.9510335 100.3373294 100.9137255 100 100 100 100 100 100 100.038229 100.3482007 100.9137255 100 100 100 100 100 100 99.9953497 99.8339446 100.0196078 100.0184261 99.8366695 100.0196078 99.9800401 99.8665348 100.0117647 100.0321175 99.8667201 100.0117647 100 100 100 100 100 100 100 100 100 100 100 100 100 100 100 100 100 100
100.0076945 99.8502179 100.0196078 99.9387503 99.9998885 100.9960784 99.8607064 100.1306521 100.9686275 99.8866756 99.9809158 100.9607843 100.0627334 100.0053487 100.0 100.0872058 100.17956 100.9411765 100.1025421 100.3481914 100.9137255 99.9953833 100.3454675 100.9137255 99.9509859 100.3400485 100.9215686 100 100 100 100 100 100 100.0367171 100.3481953 100.9137255 100 100 100 100 100 100 99.995439 99.8365977 100.0196078 100.0198976 99.8366913 100.0196078 99.980075 99.8665961 100.0117647 100.0335991 99.8692378 100.0117647 100 100 100 100 100 100 100 100 100 100 100 100 100 100 100 100 100 100
100.0061746 99.8502316 100.027451 99.9372759 99.9998463 100.0 99.8591967 100.130659 100.9686275 99.8867354 99.9863381 100.9568627 100.0612403 100.0053631 100.0078431 100.0842055 100.1767446 100.9490196 100.1010231 100.3455383 100.9215686 99.9938521 100.3455042 100.9215686 99.9494824 100.3400314 100.9215686 100 100 100 100 100 100 100.035181 100.3509132 100.9215686 100 100 100 100 100 100 99.9939136 99.8366515 100.027451 100.0183708 99.8366816 100.027451 99.978555 99.8666644 100.027451 100.0320897 99.8692533 100.0196078 100 100 100 100 100 100 100 100 100 100 100 100 100 100 100 100 100 100
100.004667 99.850234 100.0196078 99.9402945 99.9973101 100.9960784 99.8591474 100.1306645 100.9607843 99.8821463 99.9781288 100.9607843 100.059719 100.0053806 100.0 100.0826833 100.1741781 100.9411765 100.0994887 100.340035 100.9137255 99.9923611 100.3482271 100.9137255 99.9464804 100.3427793 100.9137255 100 100 100 100 100 100 100.035216 100.3509574 100.9137255 100 100 100 100 100 100 99.9924026 99.8366499 100.0196078 100.0168728 99.8393357 100.0196078 99.9770629 99.8692226 100.0196078 100.0305774 99.8693246 100.0117647 100 100 100 100 100 100 100 100 100 100 100 100 100 100 100 100 100 100
100.0060553 99.8502137 100.027451 99.9387609 99.9998221 100.0 99.8592031 100.1332458 100.9686275 99.8713978 99.9752752 100.9686275 100.0612141 100.0053728 100.0 100.0841946 100.176792 100.9490196 100.0994935 100.3372742 100.9215686 99.9923786 100.3481517 100.9215686 99.9479712 100.3400299 100.9215686 100 100 100 100 100 100 100.0367159 100.3508969 100.9215686 100 100 100 100 100 100 99.9937915 99.8366249 100.027451 100.0168734 99.8366788 100.027451 99.9785068 99.8666151 100.0196078 100.0305837 99.8692141 100.0196078 100 100 100 100 100 100 100 100 100 100 100 100 100 100 100 100 100 100
100.0061085 99.850306 100.0196078 99.9372388 99.9997668 100.0117647 99.8637682 100.1331997 100.9686275 99.8454595 99.9725543 100.9607843 100.0612354 100.010735 100.0 100.0857302 100.1768254 100.9411765 100.1009493 100.3318292 100.9215686 99.9938395 100.3481492 100.9137255 99.9509967 100.3426745 100.9137255 100 100 100 100 100 100 100.0367438 100.3508703 100.9137255 100 100 100 100 100 100 99.993872 99.8392695 100.0196078 100.0183748 99.8420134 100.0196078 99.9785833 99.8665764 100.0196078 100.0306909 99.8692082 100.0117647 100 100 100 100 100 100 100 100 100 100 100 100 100 100 100 100 100 100
100.006156 99.8502909 100.0352941 99.9372612 99.9972505 100.0078431 99.8652936 100.1305769 100.9843137 99.8347668 99.9753587 100.9843137 100.0612443 100.0107897 100.0078431 100.087219 100.1794757 100.9490196 100.1009682 100.33184 100.9372549 99.9924143 100.3454189 100.9372549 99.9510356 100.3372639 100.9294118 100 100 100 100 100 100 100.0367183 100.3481192 100.9294118 100 100 100 100 100 100 99.9939274 99.8392711 100.0352941 100.0184402 99.8420589 100.0352941 99.9800367 99.8666065 100.027451 100.032146 99.8693476 100.027451 100 100 100 100 100 100 100 100 100 100 100 100 100 100 100 100 100 100
100.0061771 99.8528864 100.0196078 99.9372565 99.9972412 100.0 99.8652935 100.1332206 100.9764706 99.8316106 99.9782228 100.9607843 100.0612387 100.0134082 100.0117647 100.0857083 100.1766992 100.9411765 100.1009959 100.3318148 100.9215686 99.9938396 100.345421 100.9137255 99.9525319 100.3345747 100.9137255 100 100 100 100 100 100 100.0367307 100.348117 100.9137255 100 100 100 100 100 100 99.9953848 99.839264 100.0196078 100.0198676 99.8446146 100.0196078 99.9800731 99.8665991 100.0196078 100.0321786 99.8693602 100.0117647 100 100 100 100 100 100 100 100 100 100 100 100 100 100 100 100 100 100
100.0076572 99.8503279 100.0745098 99.9372762 99.9972507 100.054902 99.8668658 100.1360412 100.0196078 99.8301451 99.9863803 100.0117647 100.0612299 100.0082329 100.0196078 100.0857629 100.1742005 100.9960784 100.1010386 100.3293017 100.9686275 99.9938672 100.3428299 100.9686275 99.951064 100.3346927 100.9686275 100 100 100 100 100 100 100.0352558 100.3455599 100.9686275 100 100 100 100 100 100 99.9954812 99.8367247 100.0745098 100.0199572 99.8420849 100.0745098 99.9801118 99.8640123 100.0745098 100.0322 99.8693827 100.0666667 100 100 100 100 100 100 100 100 100 100 100 100 100 100 100 100 100 100
100.0091323 99.850369 100.0352941 99.9387435 99.9972988 100.0156863 99.8683627 100.1414825 100.9921569 99.8346074 99.98912 100.9764706 100.0612203 100.0055338 100.0 100.0872201 100.1741439 100.9568627 100.1025258 100.3347015 100.9372549 99.9953586 100.3428788 100.9294118 99.9540246 100.3347324 100.9294118 100 100 100 100 100 100 100.0397319 100.3429076 100.9294118 100 100 100 100 100 100 99.9969549 99.8367033 100.0352941 100.0214436 99.8421194 100.0352941 99.9815803 99.8640378 100.0352941 100.0336609 99.869475 100.027451 100 100 100 100 100 100 100 100 100 100 100 100 100 100 100 100 100 100
100.009251 99.8503212 100.0196078 99.9387601 99.9973349 100.9960784 99.8728788 100.1468308 100.9882353 99.8392983 99.9945969 100.9607843 100.0612212 100.0054199 100.9960784 100.0887579 100.176863 100.9411765 100.1040716 100.3400833 100.9215686 99.9968784 100.3428571 100.9215686 99.9540779 100.3374176 100.9137255 100 100 100 100 100 100 100.0397592 100.3455303 100.9137255 100 100 100 100 100 100 99.9985048 99.8340502 100.0196078 100.0229659 99.8421106 100.0196078 99.9830758 99.8639016 100.0117647 100.0337459 99.8720947 100.0117647 100 100 100 100 100 100 100 100 100 100 100 100 100 100 100 100 100 100
100.0092501 99.8503365 100.027451 99.9387706 99.997393 100.0 99.8729456 100.1469775 100.9843137 99.842351 100.0000373 100.9686275 100.0612208 100.002755 100.0 100.0872358 100.171487 100.9490196 100.1040676 100.3401232 100.9294118 99.9954417 100.3401242 100.9294118 99.9540606 100.3319901 100.9215686 100 100 100 100 100 100 100.0382269 100.3428348 100.9294118 100 100 100 100 100 100 99.9984848 99.8366897 100.0392157 100.0229536 99.8421408 100.0392157 99.9830785 99.8639731 100.027451 100.0351461 99.8720938 100.0196078 100 100 100 100 100 100 100 100 100 100 100 100 100 100 100 100 100 100
100.009238 99.8503398 100.0352941 99.9387712 99.9973934 100.0156863 99.8744288 100.1496522 100.9764706 99.846876 100.0135673 100.9647059 100.0612126 100.0027318 100.0 100.0872252 100.1714313 100.9568627 100.1040708 100.3400743 100.9372549 99.9968528 100.3401527 100.9372549 99.9540639 100.3346873 100.9372549 100 100 100 100 100 100 100.0382484 100.3428575 100.9372549 100 100 100 100 100 100 99.9984745 99.8367113 100.0470588 100.0229482 99.8421496 100.0352941 99.9830765 99.8639668 100.0352941 100.0337272 99.8721492 100.027451 100 100 100 100 100 100 100 100 100 100 100 100 100 100 100 100 100 100
100.0092508 99.8502725 100.027451 99.9387695 99.99992 100.0078431 99.8760223 100.1550854 100.9686275 99.8469289 100.0353597 100.9568627 100.0612292 100.0026965 100.0 100.0872473 100.1714147 100.9490196 100.1040845 100.3373556 100.9294118 99.9969093 100.3401 100.9294118 99.9570847 100.3319321 100.9294118 100 100 100 100 100 100 100.0397699 100.3427995 100.9294118 100 100 100 100 100 100 99.9984779 99.8367188 100.0392157 100.0229494 99.8421105 100.0392157 99.9830817 99.8640255 100.027451 100.0337216 99.8721258 100.027451 100 100 100 100 100 100 100 100 100 100 100 100 100 100 100 100 100 100
100.0107326 99.8502352 100.0352941 99.9387743 99.9999381 100.0156863 99.8805756 100.1631345 100.9764706 99.8483992 100.0461654 100.9490196 100.0627044 100.0027128 100.0 100.0902592 100.171411 100.9568627 100.1055583 100.3399853 100.9372549 99.9983933 100.3427496 100.9372549 99.9571111 100.3373103 100.9372549 100 100 100 100 100 100 100.0412786 100.3428038 100.9372549 100 100 100 100 100 100 99.9999853 99.83662 100.0470588 100.024437 99.8420643 100.0470588 99.9845769 99.8639534 100.0352941 100.0352273 99.8720846 100.0352941 100 100 100 100 100 100 100 100 100 100 100 100 100 100 100 100 100 100
100.0092678 99.8476642 100.0196078 99.9387724 99.9973562 100.0117647 99.8836487 100.1633495 100.9686275 99.8468899 100.0600068 100.9411765 100.061239 100.0000996 100.0 100.0887945 100.1687776 100.9411765 100.1040424 100.3346954 100.9215686 99.996907 100.3401243 100.9215686 99.9556122 100.3319936 100.9215686 100 100 100 100 100 100 100.0398061 100.340202 100.9215686 100 100 100 100 100 100 99.9985158 99.8340599 100.0313725 100.0229637 99.8394827 100.0313725 99.9830938 99.8613491 100.0196078 100.0337461 99.8694982 100.0196078 100 100 100 100 100 100 100 100 100 100 100 100 100 100 100 100 100 100
100.0107099 99.8475918 100.027451 99.938764 99.9973493 100.0196078 99.8882966 100.1605521 100.9764706 99.8485016 100.1061866 100.9411765 100.0627335 100.0026872 100.0 100.0902547 100.1687428 100.9490196 100.1025597 100.3292614 100.9294118 99.9968995 100.3401316 100.9294118 99.9555822 100.3373402 100.9294118 100 100 100 100 100 100 100.0397896 100.3428383 100.9294118 100 100 100 100 100 100 100.0000271 99.8339393 100.0392157 100.0244592 99.8394192 100.0392157 99.983102 99.8612867 100.027451 100.0351639 99.8721038 100.027451 100 100 100 100 100 100 100 100 100 100 100 100 100 100 100 100 100 100
100.009252 99.8476656 100.027451 99.9372879 99.9973125 100.0078431 99.8943929 100.1550994 100.9960784 99.8453959 100.133301 100.9294118 100.0612361 100.0027329 100.0 100.0872574 100.1687178 100.9490196 100.1024987 100.3265673 100.9294118 99.9954446 100.3400955 100.9294118 99.9556118 100.3346518 100.9294118 100 100 100 100 100 100 100.0398052 100.3401348 100.9294118 100 100 100 100 100 100 100.0015064 99.8340218 100.0392157 100.0229741 99.8394557 100.0392157 99.9816064 99.863842 100.027451 100.0336548 99.8721477 100.027451 100 100 100 100 100 100 100 100 100 100 100 100 100 100 100 100 100 100
100.0106926 99.8475901 100.0352941 99.938753 99.9972905 100.027451 99.8973813 100.1469997 100.9843137 99.8453779 100.1631317 100.9372549 100.0611972 100.0053608 100.0 100.0872483 100.171393 100.9647059 100.101018 100.3264261 100.9490196 99.9953727 100.3427813 100.9372549 99.9540504 100.3400244 100.9372549 100 100 100 100 100 100 100.0382628 100.345501 100.9372549 100 100 100 100 100 100 100.0015088 99.8339607 100.0470588 100.0229828 99.8394087 100.0470588 99.9816079 99.8638223 100.0352941 100.033659 99.8720896 100.0352941 100 100 100 100 100 100 100 100 100 100 100 100 100 100 100 100 100 100
100.012233 99.8475435 100.0078431 99.9372647 99.9972382 100.9921569 99.9004857 100.1577097 100.9647059 99.8469598 100.2230984 100.9019608 100.0612202 100.0054289 100.9921569 100.085721 100.168707 100.9294118 100.1010173 100.3237059 100.9098039 99.995458 100.3400242 100.9098039 99.9570833 100.3292101 100.9098039 100 100 100 100 100 100 100.0412985 100.340107 100.9098039 100 100 100 100 100 100 100.0045094 99.8312826 100.027451 100.025985 99.8393939 100.0196078 99.9816264 99.8612871 100.0078431 100.0336725 99.8747627 100.0078431 100 100 100 100 100 100 100 100 100 100 100 100 100 100 100 100 100 100
100.0122717 99.847595 100.027451 99.9372537 99.9972426 100.0078431 99.9036142 100.1551121 100.9843137 99.8531116 100.2529118 100.9215686 100.0597354 100.0054648 100.0 100.0857673 100.1714881 100.9568627 100.1009904 100.3264876 100.9294118 99.9939676 100.3428229 100.9294118 99.9555758 100.3373764 100.9411765 100 100 100 100 100 100 100.0398036 100.3455345 100.9294118 100 100 100 100 100 100 100.0030293 99.8339515 100.0392157 100.0245425 99.8394621 100.0392157 99.9801437 99.8638303 100.027451 100.032217 99.8748391 100.027451 100 100 100 100 100 100 100 100 100 100 100 100 100 100 100 100 100 100
100.0152766 99.8476096 100.0196078 99.9372532 99.9972741 100.9960784 99.9080586 100.157796 100.9764706 99.8606682 100.2776694 100.9137255 100.0612233 100.0054841 100.0 100.0857166 100.1713941 100.9490196 100.1024782 100.3265192 100.9215686 99.9968884 100.3429099 100.9215686 99.9570544 100.3374101 100.9215686 100 100 100 100 100 100 100.0427592 100.3456073 100.9215686 100 100 100 100 100 100 100.004552 99.8339765 100.0313725 100.0275083 99.8394956 100.0313725 99.9816219 99.8638808 100.0196078 100.0336808 99.877519 100.0196078 100 100 100 100 100 100 100 100 100 100 100 100 100 100 100 100 100 100
100.0167545 99.850257 100.0196078 99.9372371 99.9972902 100.0 99.9096549 100.1685152 100.9882353 99.872936 100.3291383 100.9137255 100.0611968 100.0081047 100.0 100.0856948 100.1767867 100.9490196 100.1024768 100.3372982 100.9215686 99.9954566 100.3509072 100.9137255 99.9570666 100.3454403 100.9215686 100 100 100 100 100 100 100.0413028 100.3536333 100.9137255 100 100 100 100 100 100 100.0045835 99.8365864 100.0196078 100.0275333 99.8421202 100.0196078 99.9816115 99.8639539 100.0196078 100.0337097 99.874791 100.0196078 100 100 100 100 100 100 100 100 100 100 100 100 100 100 100 100 100 100
100.016782 99.8502458 100.027451 99.9372478 99.9973082 100.0078431 99.9112288 100.1685388 100.9764706 99.8821169 100.3454495 100.9294118 100.0597327 100.0081086 100.0078431 100.0857141 100.1768302 100.9490196 100.1025083 100.340008 100.9294118 99.9954473 100.3509263 100.9294118 99.9555943 100.3454747 100.9411765 100 100 100 100 100 100 100.0413036 100.3563424 100.9294118 100 100 100 100 100 100 100.0046172 99.8339415 100.0392157 100.027568 99.842109 100.0392157 99.9816281 99.863949 100.027451 100.0337354 99.8747703 100.027451 100 100 100 100 100 100 100 100 100 100 100 100 100 100 100 100 100 100
100.0168644 99.8477207 100.0078431 99.937273 99.9973309 100.9921569 99.9173738 100.1740884 100.9764706 99.8975231 100.361848 100.9215686 100.0612533 100.0081342 100.9921569 100.0856961 100.1740882 100.9372549 100.1040564 100.3427496 100.9098039 99.9970231 100.3401063 100.9098039 99.9586348 100.3373675 100.9098039 100 100 100 100 100 100 100.042845 100.3400956 100.9098039 100 100 100 100 100 100 100.0061203 99.8339738 100.0196078 100.0290761 99.8421452 100.0078431 99.9831212 99.8639888 100.0078431 100.0351906 99.8775018 100.0078431 100 100 100 100 100 100 100 100 100 100 100 100 100 100 100 100 100 100
100.0168586 99.8476449 100.0196078 99.9372605 99.9973192 100.0 99.9218728 100.1715405 100.9882353 99.9020847 100.3646342 100.9333333 100.0612273 100.0081008 100.0 100.084226 100.1741283 100.9490196 100.1025723 100.3429407 100.9215686 99.9970203 100.3401155 100.9215686 99.9586185 100.3373664 100.9137255 100 100 100 100 100 100 100.0428524 100.3400976 100.9215686 100 100 100 100 100 100 100.006109 99.8313304 100.0196078 100.0290457 99.842113 100.0196078 99.9816674 99.8639359 100.0117647 100.0337574 99.8748246 100.0196078 100 100 100 100 100 100 100 100 100 100 100 100 100 100 100 100 100 100
100.0153487 99.8477008 100.0196078 99.9372585 99.9973341 100.0078431 99.921905 100.1769187 100.0 99.9081468 100.3674018 100.9411765 100.0612243 100.0054824 100.0078431 100.0842412 100.1741797 100.9568627 100.1025774 100.3455769 100.9294118 99.9984983 100.332027 100.9294118 99.9586624 100.3292842 100.9294118 100 100 100 100 100 100 100.0443338 100.3347332 100.9294118 100 100 100 100 100 100 100.0046262 99.8313384 100.0392157 100.0275511 99.8421486 100.027451 99.9816789 99.8639928 100.0196078 100.0337445 99.8721258 100.027451 100 100 100 100 100 100 100 100 100 100 100 100 100 100 100 100 100 100
100.0152562 99.8476649 100.0196078 99.9386987 99.9973868 100.0 99.9233782 100.1768802 100.9882353 99.9066016 100.3673452 100.9333333 100.0626847 100.0027969 100.0 100.0871676 100.174219 100.9490196 100.1039869 100.3457331 100.9333333 99.9984927 100.3401571 100.9333333 99.9600912 100.3320441 100.9333333 100 100 100 100 100 100 100.044348 100.3401715 100.9333333 100 100 100 100 100 100 100.0045611 99.8313 100.0313725 100.0274665 99.8421091 100.0196078 99.9830778 99.8639431 100.0117647 100.0351583 99.8694582 100.0117647 100 100 100 100 100 100 100 100 100 100 100 100 100 100 100 100 100 100
100.0137774 99.8501789 100.027451 99.9372792 99.9999116 100.0078431 99.9219193 100.1740238 100.9960784 99.9020195 100.3672362 100.9490196 100.0612432 100.0052781 100.0 100.087185 100.1741459 100.9686275 100.102505 100.3509249 100.9294118 99.9984924 100.3454453 100.9294118 99.9586504 100.3427198 100.9294118 100 100 100 100 100 100 100.0443608 100.3454542 100.9294118 100 100 100 100 100 100 100.0030394 99.8312106 100.027451 100.0259925 99.8445998 100.027451 99.9815874 99.8664545 100.0196078 100.0351789 99.8693685 100.0196078 100 100 100 100 100 100 100 100 100 100 100 100 100 100 100 100 100 100
100.0122784 99.8501782 100.0078431 99.9372871 99.9999819 100.9843137 99.9188259 100.1767036 100.9647059 99.8990201 100.3671524 100.9215686 100.0612296 100.0026035 100.0 100.0872297 100.1767831 100.9490196 100.1010053 100.3482659 100.9098039 99.9985193 100.3454617 100.9098039 99.9586657 100.3454003 100.9098039 100 100 100 100 100 100 100.0443845 100.3454557 100.9098039 100 100 100 100 100 100 100.0015285 99.8312216 100.0078431 100.0244858 99.8446254 100.0078431 99.9785462 99.8665328 100.0 100.0351233 99.8719554 100.0078431 100 100 100 100 100 100 100 100 100 100 100 100 100 100 100 100 100 100
100.0137154 99.8476947 100.0196078 99.938714 100.0000101 100.9960784 99.9173039 100.1741646 100.9882353 99.9004029 100.3645006 100.9333333 100.062676 100.0025981 100.0 100.0886837 100.1767932 100.9607843 100.1009711 100.3509191 100.9137255 99.9999521 100.3454588 100.9215686 99.9601384 100.3400548 100.9215686 100 100 100 100 100 100 100.0458335 100.3454967 100.9215686 100 100 100 100 100 100 100.0015064 99.8338845 100.0196078 100.0259103 99.8421067 100.0196078 99.9785102 99.8665297 100.0196078 100.0351733 99.8719731 100.0117647 100 100 100 100 100 100 100 100 100 100 100 100 100 100 100 100 100 100
100.0122591 99.8476451 100.0196078 99.9373014 100.0000251 100.0 99.9158647 100.1741506 100.9960784 99.8989166 100.3645462 100.9333333 100.0612536 100.0000456 100.0 100.0872481 100.1767354 100.9607843 100.0995079 100.3481978 100.9137255 99.9985183 100.3454795 100.9215686 99.9587185 100.3427189 100.9215686 100 100 100 100 100 100 100.0443989 100.3454803 100.9215686 100 100 100 100 100 100 100.0000565 99.8312673 100.0196078 100.0230438 99.8420829 100.0196078 99.9770813 99.8665508 100.0196078 100.0337277 99.8719989 100.0117647 100 100 100 100 100 100 100 100 100 100 100 100 100 100 100 100 100 100
