99.9998966 99.861347 100.0352941 99.9494557 100.0081757 100.0 99.9311026 100.1660491 100.9843137 99.9142612 100.3265054 100.945098 100.0550544 99.9946899 100.0 100.0795334 100.1496739 100.9647059 100.0795333 100.2748777 100.9372549 100.006069 100.302084 100.9176471 99.9647795 100.3020992 100.9176471 100 100 100 100 100 100 100.0458299 100.3020578 100.9176471 100 100 100 100 100 100 99.9877454 99.844922 100.0431373 100.0106535 99.845004 100.0431373 99.9739208 99.872087 100.027451 100.0229285 99.877508 100.027451 100 100 100 100 100 100 100 100 100 100 100 100 100 100 100 100 100 100
99.9999215 99.8612725 100.0352941 99.9494473 100.0081839 100.0 99.9310903 100.166075 100.9843137 99.9142262 100.3265118 100.945098 100.0550523 99.9972094 100.0078431 100.0795282 100.1497316 100.9647059 100.0810759 100.2802724 100.9372549 100.0045662 100.3047523 100.9294118 99.9647389 100.3047696 100.9176471 100 100 100 100 100 100 100.0458302 100.3074407 100.9294118 100 100 100 100 100 100 99.9877704 99.8448403 100.0431373 100.0106838 99.8449164 100.0431373 99.9739317 99.8694232 100.027451 100.0229512 99.8747917 100.0156863 100 100 100 100 100 100 100 100 100 100 100 100 100 100 100 100 100 100
99.9999506 99.8612313 100.0352941 99.9494412 100.0107641 100.0 99.9326125 100.1685921 100.9843137 99.9142406 100.329205 100.945098 100.055056 99.9946713 100.0078431 100.0780543 100.1496608 100.9568627 100.0840765 100.2802836 100.9294118 100.0076158 100.3128657 100.9294118 99.9648064 100.3128734 100.9294118 100 100 100 100 100 100 100.0473761 100.3129061 100.9294118 100 100 100 100 100 100 99.9877912 99.8423076 100.0431373 100.0107141 99.8448954 100.0431373 99.9739571 99.8694397 100.027451 100.0229695 99.8774821 100.027451 100 100 100 100 100 100 100 100 100 100 100 100 100 100 100 100 100 100
99.9999554 99.8611669 100.0352941 99.9494483 100.008169 100.0 99.9326293 100.1660369 100.9921569 99.914232 100.3292152 100.945098 100.0550581 99.997206 100.0 100.0780244 100.1496486 100.9647059 100.0841181 100.2884152 100.9372549 100.0075957 100.3020498 100.9294118 99.9647625 100.3047151 100.9176471 100 100 100 100 100 100 100.0473757 100.3047373 100.9294118 100 100 100 100 100 100 99.9877885 99.842248 100.0431373 100.0107221 99.844831 100.0431373 99.9739584 99.872049 100.0352941 100.0229733 99.8774793 100.027451 100 100 100 100 100 100 100 100 100 100 100 100 100 100 100 100 100 100
99.999983 99.861131 100.0352941 99.9494379 100.0081478 100.0 99.9326316 100.1660513 100.9843137 99.9128122 100.3292709 100.945098 100.0535728 99.9946902 100.0 100.0780346 100.1495993 100.9568627 100.0856782 100.2938378 100.9294118 100.0076495 100.3047593 100.9294118 99.9647988 100.30744 100.9176471 100 100 100 100 100 100 100.0474487 100.3074351 100.9294118 100 100 100 100 100 100 99.9878155 99.8422195 100.0431373 100.0107417 99.8423223 100.0431373 99.9739627 99.8720524 100.027451 100.0229797 99.874832 100.027451 100 100 100 100 100 100 100 100 100 100 100 100 100 100 100 100 100 100
99.9999988 99.861056 100.0352941 99.9494417 100.0081248 100.0 99.9341355 100.1659648 100.9843137 99.9127042 100.3211064 100.9372549 100.0535593 99.9971903 100.0 100.0795483 100.1549953 100.9568627 100.0872602 100.3020439 100.9294118 100.007632 100.304666 100.9294118 99.9648338 100.3074104 100.9176471 100 100 100 100 100 100 100.0473945 100.30201 100.9294118 100 100 100 100 100 100 99.9878314 99.8421824 100.0431373 100.0107558 99.8447998 100.0431373 99.9739577 99.8720723 100.027451 100.0229781 99.8801158 100.027451 100 100 100 100 100 100 100 100 100 100 100 100 100 100 100 100 100 100
99.9999777 99.8610646 100.027451 99.9494346 100.010721 100.9960784 99.934163 100.1632506 100.9764706 99.9111547 100.3209877 100.9215686 100.0535679 99.997199 100.0 100.0765388 100.1470027 100.9490196 100.0887897 100.3020225 100.9098039 100.0091066 100.2993012 100.9098039 99.966337 100.3019535 100.9098039 100 100 100 100 100 100 100.0473931 100.3019536 100.9098039 100 100 100 100 100 100 99.9878086 99.8421761 100.0352941 100.0107475 99.8448028 100.0352941 99.9739541 99.874725 100.027451 100.022975 99.8801264 100.0196078 100 100 100 100 100 100 100 100 100 100 100 100 100 100 100 100 100 100
99.9999804 99.8611225 100.0352941 99.9494421 100.0081508 100.0 99.9326334 100.1578131 100.972549 99.9019833 100.3047608 100.9372549 100.0535655 99.994687 100.0 100.0780292 100.1469983 100.9647059 100.0887932 100.2993476 100.9294118 100.0076672 100.3074987 100.9294118 99.9648299 100.3129112 100.9294118 100 100 100 100 100 100 100.0474699 100.3074872 100.9294118 100 100 100 100 100 100 99.9878138 99.8422773 100.0431373 100.0107397 99.8449026 100.0431373 99.9739825 99.8748697 100.0352941 100.0229582 99.8802721 100.027451 100 100 100 100 100 100 100 100 100 100 100 100 100 100 100 100 100 100
99.9999578 99.861134 100.0470588 99.9494429 100.0107576 100.0117647 99.9296215 100.1497272 100.9843137 99.8989292 100.2802268 100.9490196 100.0535844 99.9946644 100.0117647 100.0780796 100.1470089 100.9764706 100.0902874 100.2992921 100.9411765 100.00913 100.3020381 100.9411765 99.9663585 100.3047446 100.9294118 100 100 100 100 100 100 100.0474784 100.3047299 100.9411765 100 100 100 100 100 100 99.9877934 99.8422793 100.0666667 100.0107255 99.844896 100.0666667 99.9739837 99.8748201 100.0470588 100.0229527 99.8802045 100.0392157 100 100 100 100 100 100 100 100 100 100 100 100 100 100 100 100 100 100
99.9999232 99.8611327 100.0470588 99.9494454 100.0107717 100.0117647 99.9295623 100.1468867 100.9960784 99.8913282 100.2502062 100.9490196 100.053574 99.9946418 100.0117647 100.0795878 100.1495705 100.9764706 100.0903128 100.3019447 100.9411765 100.0076382 100.3047051 100.9411765 99.9648247 100.3074107 100.9411765 100 100 100 100 100 100 100.0474649 100.3074321 100.9411765 100 100 100 100 100 100 99.9877526 99.8422506 100.054902 100.0106904 99.8448534 100.054902 99.9739499 99.8747794 100.0470588 100.0229271 99.8775316 100.0392157 100 100 100 100 100 100 100 100 100 100 100 100 100 100 100 100 100 100
99.9984657 99.8612074 100.054902 99.9494107 100.0108408 100.0117647 99.9280301 100.1441964 100.9960784 99.8882525 100.165839 100.9019608 100.0535858 99.9945996 100.0 100.0825821 100.1496133 100.9764706 100.0902966 100.3019433 100.9411765 100.0076598 100.2992299 100.9411765 99.9648251 100.2992835 100.9294118 100 100 100 100 100 100 100.047438 100.2992221 100.9411765 100 100 100 100 100 100 99.9876861 99.8448724 100.054902 100.0092073 99.844866 100.054902 99.9738999 99.877488 100.0392157 100.0228978 99.8800942 100.027451 100 100 100 100 100 100 100 100 100 100 100 100 100 100 100 100 100 100
99.9983892 99.8612995 100.0431373 99.949405 100.0108331 100.0 99.9249762 100.1550277 100.9647059 99.8852036 100.1060786 100.8627451 100.0550515 99.9946348 100.0 100.0826019 100.1522984 100.9647059 100.0902668 100.2992391 100.9294118 100.0091226 100.2993036 100.9294118 99.9648236 100.3019781 100.9176471 100 100 100 100 100 100 100.0474657 100.3019476 100.9294118 100 100 100 100 100 100 99.986232 99.847552 100.0431373 100.0091263 99.8449124 100.0431373 99.9724447 99.8775427 100.0352941 100.0228539 99.8775051 100.027451 100 100 100 100 100 100 100 100 100 100 100 100 100 100 100 100 100 100
99.9969482 99.8612542 100.054902 99.9494255 100.0108114 100.0117647 99.9234784 100.1496772 100.9490196 99.8882222 100.0625679 100.8862745 100.0535559 99.9946391 100.0 100.0811232 100.1469336 100.9764706 100.0887949 100.299322 100.9411765 100.0076547 100.2965498 100.9411765 99.9648293 100.2965797 100.9411765 100 100 100 100 100 100 100.0474135 100.2965177 100.9411765 100 100 100 100 100 100 99.9862123 99.8449565 100.054902 100.0076553 99.8449342 100.054902 99.9724175 99.8801993 100.0470588 100.021359 99.880181 100.027451 100 100 100 100 100 100 100 100 100 100 100 100 100 100 100 100 100 100
99.9969245 99.8613172 100.054902 99.9479892 100.0081583 100.0117647 99.9234759 100.141489 100.9568627 99.8989327 99.999971 100.9294118 100.0520744 99.994702 100.0 100.0826038 100.14977 100.9764706 100.0887861 100.2993665 100.9490196 100.0091836 100.2993122 100.9490196 99.9663516 100.2993295 100.9294118 100 100 100 100 100 100 100.0489416 100.2966535 100.9490196 100 100 100 100 100 100 99.9861959 99.845009 100.054902 100.0061272 99.8449688 100.054902 99.9709426 99.880223 100.0470588 100.0198952 99.8775053 100.027451 100 100 100 100 100 100 100 100 100 100 100 100 100 100 100 100 100 100
99.9968578 99.8639486 100.054902 99.9494074 100.0080524 100.0078431 99.9234434 100.133281 100.9647059 99.9005445 99.9862932 100.9490196 100.052052 99.9973217 100.0 100.0810631 100.1496015 100.9843137 100.0872738 100.3020147 100.9490196 100.0091695 100.2992857 100.9490196 99.9678355 100.3019071 100.9372549 100 100 100 100 100 100 100.0474793 100.299245 100.9490196 100 100 100 100 100 100 99.9861354 99.8476086 100.0627451 100.0046012 99.8475946 100.0627451 99.9708876 99.8828319 100.054902 100.0198553 99.8801904 100.0352941 100 100 100 100 100 100 100 100 100 100 100 100 100 100 100 100 100 100
99.9968873 99.8638925 100.0470588 99.9494076 100.0053942 100.0 99.9234573 100.1278872 100.9568627 99.9036026 99.9727957 100.9568627 100.0520363 99.99732 100.0 100.0780798 100.1495664 100.9764706 100.0872383 100.2992789 100.9411765 100.0091379 100.2992201 100.9411765 99.9678358 100.2992171 100.9411765 100 100 100 100 100 100 100.0474435 100.2991964 100.9411765 100 100 100 100 100 100 99.9861602 99.8475482 100.054902 100.0061048 99.8475377 100.054902 99.9708841 99.8828081 100.0470588 100.0198664 99.8801882 100.027451 100 100 100 100 100 100 100 100 100 100 100 100 100 100 100 100 100 100
99.9969307 99.8639036 100.0470588 99.9494221 100.005368 100.0 99.924971 100.1279229 100.9490196 99.9097041 99.9753125 100.9764706 100.0520349 99.9998578 100.0 100.0765463 100.1495768 100.9686275 100.0841624 100.2964854 100.9411765 100.0076572 100.3019076 100.9411765 99.9663192 100.2992602 100.9294118 100 100 100 100 100 100 100.0474004 100.3019069 100.9411765 100 100 100 100 100 100 99.9861961 99.8476125 100.054902 100.0076047 99.8475694 100.054902 99.972384 99.8828394 100.0392157 100.0198697 99.8774841 100.0392157 100 100 100 100 100 100 100 100 100 100 100 100 100 100 100 100 100 100
99.9983547 99.8613246 100.054902 99.949394 100.0054121 100.0078431 99.9264266 100.1360494 100.9764706 99.9035772 99.9755324 100.9843137 100.053506 99.9973029 100.0 100.0764781 100.149604 100.9843137 100.0840554 100.2937698 100.9490196 100.0076183 100.2992875 100.9490196 99.9648042 100.296627 100.9372549 100 100 100 100 100 100 100.0473825 100.2992704 100.9490196 100 100 100 100 100 100 99.9862103 99.844974 100.0745098 100.0090854 99.8449689 100.0745098 99.9723932 99.8801991 100.054902 100.0213511 99.8775651 100.0352941 100 100 100 100 100 100 100 100 100 100 100 100 100 100 100 100 100 100
99.9984276 99.8611546 100.0470588 99.9494006 100.0054248 100.0117647 99.9265386 100.1414666 100.9686275 99.9019936 99.989084 100.9568627 100.0535435 99.9946858 100.0 100.076527 100.1496469 100.9764706 100.0825767 100.2938794 100.9411765 100.0076091 100.2966432 100.9411765 99.9662805 100.2966187 100.9294118 100 100 100 100 100 100 100.0459064 100.2966205 100.9411765 100 100 100 100 100 100 99.9862553 99.8449207 100.054902 100.0091596 99.8422897 100.054902 99.9724545 99.8775331 100.0470588 100.0228849 99.8748929 100.0392157 100 100 100 100 100 100 100 100 100 100 100 100 100 100 100 100 100 100
99.9998909 99.8585941 100.054902 99.9494157 100.0053865 100.0117647 99.9265554 100.1442132 100.9568627 99.8898075 100.0136306 100.9411765 100.0550203 99.9999427 100.0 100.0764608 100.1496647 100.9686275 100.0794977 100.2938317 100.9411765 100.0060793 100.2965647 100.9411765 99.9647819 100.2965334 100.9294118 100 100 100 100 100 100 100.0458204 100.2965616 100.9411765 100 100 100 100 100 100 99.9877225 99.8448545 100.054902 100.0106369 99.8448484 100.054902 99.973957 99.8775388 100.0470588 100.0229106 99.8775401 100.0392157 100 100 100 100 100 100 100 100 100 100 100 100 100 100 100 100 100 100
99.9999202 99.855909 100.054902 99.9494116 100.0027728 100.0117647 99.926494 100.1415262 100.9411765 99.8866163 100.0298267 100.9215686 100.0550446 99.997319 100.0 100.0764445 100.1469486 100.9764706 100.0810421 100.2910895 100.9411765 100.0075504 100.293851 100.9411765 99.9662636 100.2912267 100.9294118 100 100 100 100 100 100 100.0443344 100.2938637 100.9411765 100 100 100 100 100 100 99.9877604 99.839576 100.054902 100.0106886 99.8421799 100.054902 99.9753777 99.8748247 100.0470588 100.022954 99.8748018 100.0392157 100 100 100 100 100 100 100 100 100 100 100 100 100 100 100 100 100 100
99.9985249 99.8558973 100.0431373 99.9480016 100.0027426 100.0 99.9249991 100.1388816 100.9294118 99.877588 100.0435961 100.9098039 100.0551082 99.9973201 100.0078431 100.075016 100.141643 100.9647059 100.0810888 100.2912647 100.9372549 100.0046192 100.2939569 100.9294118 99.9632828 100.2939491 100.9294118 100 100 100 100 100 100 100.0443702 100.293937 100.9294118 100 100 100 100 100 100 99.9877931 99.8395938 100.0431373 100.0106927 99.839603 100.0431373 99.9739875 99.8748623 100.0352941 100.0229656 99.8721314 100.0352941 100 100 100 100 100 100 100 100 100 100 100 100 100 100 100 100 100 100
99.9985621 99.8585928 100.054902 99.9479911 100.002691 100.0196078 99.9249457 100.1413995 100.9490196 99.8760296 100.0543875 100.9019608 100.0550936 99.9999699 100.0 100.0750391 100.149647 100.9764706 100.0826303 100.2937786 100.9411765 100.0076643 100.29384 100.9411765 99.9663666 100.2937929 100.9411765 100 100 100 100 100 100 100.0459056 100.2938466 100.9411765 100 100 100 100 100 100 99.9893061 99.8448239 100.0666667 100.0107251 99.8449199 100.0666667 99.9739784 99.8774559 100.0470588 100.0229615 99.8774506 100.0470588 100 100 100 100 100 100 100 100 100 100 100 100 100 100 100 100 100 100
99.998526 99.8586266 100.054902 99.9479916 100.0026823 100.0196078 99.9249285 100.1413861 100.9686275 99.8760007 100.0353922 100.9137255 100.0550851 99.9999919 100.0 100.0750027 100.1469669 100.9764706 100.0826478 100.2938541 100.9411765 100.007584 100.2939129 100.9411765 99.9647668 100.2938906 100.9294118 100 100 100 100 100 100 100.0458836 100.2939101 100.9411765 100 100 100 100 100 100 99.9892613 99.8448521 100.0666667 100.010685 99.8449368 100.0666667 99.9739518 99.8774585 100.0470588 100.022928 99.8748682 100.0392157 100 100 100 100 100 100 100 100 100 100 100 100 100 100 100 100 100 100
99.9985229 99.8586037 100.0470588 99.947994 100.002708 100.0 99.9235209 100.1360539 100.9568627 99.8760122 100.0135565 100.8941176 100.0550929 99.999951 100.0 100.0750467 100.1469896 100.9686275 100.0827344 100.2938755 100.9411765 100.0061521 100.2965471 100.9411765 99.9633215 100.2965331 100.9411765 100 100 100 100 100 100 100.0458966 100.2965547 100.9411765 100 100 100 100 100 100 99.9878157 99.8422649 100.054902 100.0106909 99.8448772 100.054902 99.9739686 99.8774162 100.0470588 100.0229484 99.8747817 100.0392157 100 100 100 100 100 100 100 100 100 100 100 100 100 100 100 100 100 100
99.9998979 99.8637887 100.054902 99.9493913 100.0053632 100.0117647 99.9248837 100.125174 100.9490196 99.8882095 99.9781929 100.9215686 100.0550358 99.9999205 100.0 100.0795271 100.1496667 100.9764706 100.0871727 100.2993837 100.9411765 100.0090551 100.2965253 100.9411765 99.9662786 100.2965342 100.9294118 100 100 100 100 100 100 100.0473425 100.2938448 100.9411765 100 100 100 100 100 100 99.9877451 99.8449551 100.054902 100.0106666 99.8475844 100.0666667 99.9739593 99.8801941 100.0470588 100.0229369 99.8801427 100.0392157 100 100 100 100 100 100 100 100 100 100 100 100 100 100 100 100 100 100
99.9998588 99.8638785 100.054902 99.9493832 100.0026961 100.0117647 99.9233922 100.1225165 100.9490196 99.8913 99.9673758 100.9411765 100.0550318 99.9973894 100.0 100.0810537 100.1551454 100.9764706 100.0871811 100.2994484 100.9411765 100.0090484 100.2965873 100.9411765 99.9662672 100.296581 100.9294118 100 100 100 100 100 100 100.047341 100.2965453 100.9411765 100 100 100 100 100 100 99.9876961 99.8476118 100.054902 100.0106207 99.8476521 100.054902 99.9739196 99.8802399 100.0470588 100.0229052 99.8802819 100.0392157 100 100 100 100 100 100 100 100 100 100 100 100 100 100 100 100 100 100
99.9984586 99.8664742 100.054902 99.9494015 100.0026291 100.0 99.923376 100.1223917 100.9686275 99.8989379 99.9672231 100.9490196 100.0550274 99.9999773 100.0 100.079543 100.155042 100.9764706 100.0872224 100.3020319 100.9411765 100.0075875 100.2992372 100.9411765 99.9647819 100.299227 100.9294118 100 100 100 100 100 100 100.0473588 100.2992324 100.9411765 100 100 100 100 100 100 99.9876774 99.8476254 100.054902 100.0106092 99.847642 100.054902 99.9738837 99.8802345 100.0470588 100.0228913 99.8828028 100.0392157 100 100 100 100 100 100 100 100 100 100 100 100 100 100 100 100 100 100
99.9984524 99.8664536 100.054902 99.9493928 100.0026437 100.0196078 99.9234108 100.1250607 100.9568627 99.9004806 99.964499 100.9764706 100.0535362 99.9999412 100.0 100.0795126 100.1550235 100.9843137 100.0872394 100.3020666 100.9490196 100.0090796 100.299244 100.9490196 99.9662844 100.2992288 100.9372549 100 100 100 100 100 100 100.0473778 100.2992228 100.9490196 100 100 100 100 100 100 99.9876659 99.8475998 100.0627451 100.0105952 99.8476206 100.0627451 99.9738765 99.8802309 100.054902 100.0228796 99.8801997 100.0470588 100 100 100 100 100 100 100 100 100 100 100 100 100 100 100 100 100 100
99.9984737 99.8639727 100.0627451 99.9493994 100.0026521 100.0078431 99.9248852 100.1277273 100.9568627 99.8989341 99.972791 100.9647059 100.0550279 99.9999435 100.0 100.0810236 100.1577129 100.9843137 100.0872299 100.3046112 100.9490196 100.007593 100.2991808 100.9490196 99.9662497 100.299175 100.9372549 100 100 100 100 100 100 100.0473482 100.2991774 100.9490196 100 100 100 100 100 100 99.987694 99.8475864 100.0627451 100.0106188 99.8476226 100.0627451 99.9739079 99.8802073 100.054902 100.0228929 99.8801773 100.0470588 100 100 100 100 100 100 100 100 100 100 100 100 100 100 100 100 100 100
99.9998768 99.8613592 100.054902 99.9493899 100.0027289 100.0 99.9249692 100.1306379 100.9686275 99.8958601 99.978246 100.9490196 100.0550284 99.9973781 100.0 100.0795319 100.1497531 100.9764706 100.0871978 100.2994208 100.9411765 100.009073 100.2966211 100.9411765 99.9677847 100.2965995 100.9411765 100 100 100 100 100 100 100.0473445 100.2965931 100.9411765 100 100 100 100 100 100 99.9877192 99.8450098 100.054902 100.0106286 99.8450218 100.054902 99.9739321 99.8802159 100.0470588 100.0229012 99.8801987 100.0392157 100 100 100 100 100 100 100 100 100 100 100 100 100 100 100 100 100 100
99.9999103 99.8612818 100.054902 99.9494066 100.0053822 100.0117647 99.9264134 100.1387455 100.9568627 99.8897806 99.9919232 100.9490196 100.0565226 99.9999406 100.0 100.0810071 100.1523856 100.9764706 100.0871864 100.2993977 100.9411765 100.0090788 100.2992898 100.9411765 99.9677852 100.2992558 100.9411765 100 100 100 100 100 100 100.047365 100.2992888 100.9411765 100 100 100 100 100 100 99.9877602 99.8449054 100.054902 100.0106734 99.8449484 100.054902 99.9739612 99.8801505 100.0470588 100.0229369 99.8775337 100.0392157 100 100 100 100 100 100 100 100 100 100 100 100 100 100 100 100 100 100
99.9985388 99.8612036 100.054902 99.9479937 100.0053528 100.0117647 99.9249609 100.1440108 100.9490196 99.8775981 100.0161896 100.9137255 100.0551016 99.9999144 100.0 100.0780998 100.1550495 100.9764706 100.0841708 100.2992494 100.9411765 100.007623 100.2992308 100.9411765 99.9648321 100.2991958 100.9294118 100 100 100 100 100 100 100.0459166 100.2992168 100.9411765 100 100 100 100 100 100 99.987825 99.844885 100.0666667 100.0106953 99.8448964 100.0666667 99.9739766 99.8800897 100.0470588 100.0229582 99.8748051 100.0470588 100 100 100 100 100 100 100 100 100 100 100 100 100 100 100 100 100 100
99.9985328 99.8612628 100.054902 99.9479964 100.0026893 100.0117647 99.9249595 100.1414096 100.9568627 99.8761079 100.0326427 100.9215686 100.055105 99.9999444 100.0 100.0780493 100.1523612 100.9843137 100.0841289 100.2993094 100.9411765 100.0076102 100.2992815 100.9411765 99.9648101 100.2992107 100.9411765 100 100 100 100 100 100 100.0458958 100.2992667 100.9411765 100 100 100 100 100 100 99.9878267 99.8449142 100.0666667 100.0106966 99.8475415 100.054902 99.9739752 99.8775129 100.0470588 100.0229497 99.8774417 100.0392157 100 100 100 100 100 100 100 100 100 100 100 100 100 100 100 100 100 100
99.9985511 99.858645 100.0352941 99.9479975 100.0027665 100.0078431 99.9249751 100.1387705 100.9568627 99.876032 100.0272116 100.9019608 100.0551136 99.9973176 100.0 100.0765632 100.1470138 100.9647059 100.0841339 100.2966513 100.9294118 100.0076478 100.2966735 100.9294118 99.9648423 100.2966127 100.9176471 100 100 100 100 100 100 100.0459397 100.2966845 100.9294118 100 100 100 100 100 100 99.9892936 99.8423109 100.054902 100.0107161 99.844926 100.054902 99.9739776 99.874913 100.0352941 100.0229641 99.8748435 100.027451 100 100 100 100 100 100 100 100 100 100 100 100 100 100 100 100 100 100
99.9999677 99.8612915 100.054902 99.9494171 100.0027465 100.0117647 99.9264014 100.1279221 100.9686275 99.8805624 99.9945152 100.9215686 100.0565147 99.9973758 100.0117647 100.0779902 100.1524092 100.9764706 100.0856504 100.2993603 100.9411765 100.0090754 100.2966402 100.9411765 99.9677611 100.2966277 100.9294118 100 100 100 100 100 100 100.0473509 100.2966027 100.9411765 100 100 100 100 100 100 99.98925 99.8449277 100.054902 100.0121356 99.8449912 100.054902 99.9753617 99.8775458 100.0470588 100.024369 99.8775892 100.0392157 100 100 100 100 100 100 100 100 100 100 100 100 100 100 100 100 100 100
99.9985186 99.8639162 100.0470588 99.9480051 100.0027061 100.0117647 99.9235591 100.1277291 100.9490196 99.886748 99.9782561 100.9294118 100.0536045 99.9999376 100.0 100.0780612 100.1523242 100.9686275 100.0842667 100.3019752 100.9411765 100.0076683 100.2992298 100.9411765 99.9663656 100.2992128 100.9294118 100 100 100 100 100 100 100.0459404 100.2992018 100.9411765 100 100 100 100 100 100 99.987771 99.8475592 100.0666667 100.0106708 99.8476334 100.0666667 99.9725259 99.8802511 100.0470588 100.0215026 99.882839 100.0392157 100 100 100 100 100 100 100 100 100 100 100 100 100 100 100 100 100 100
99.9984753 99.8640123 100.054902 99.9479845 100.0000667 100.0117647 99.9234737 100.1224006 100.9490196 99.8913298 99.9673385 100.9411765 100.0536024 100.0000004 100.0 100.0795838 100.1524624 100.9764706 100.0857212 100.3020949 100.9411765 100.0076623 100.3020206 100.9411765 99.9663322 100.302016 100.9294118 100 100 100 100 100 100 100.0459727 100.302007 100.9411765 100 100 100 100 100 100 99.986316 99.847651 100.054902 100.0092331 99.8477253 100.054902 99.9724881 99.8803167 100.0470588 100.0215011 99.8829254 100.0392157 100 100 100 100 100 100 100 100 100 100 100 100 100 100 100 100 100 100
99.9984687 99.8640157 100.054902 99.948023 100.0000573 100.0196078 99.9219431 100.1089204 100.9764706 99.8989958 99.9510891 100.9568627 100.0520946 99.9999953 100.0 100.0781109 100.1525083 100.9843137 100.0857583 100.302125 100.9490196 100.0091432 100.3020518 100.9490196 99.9679011 100.302042 100.9372549 100 100 100 100 100 100 100.0474195 100.2993833 100.9490196 100 100 100 100 100 100 99.9862919 99.8476409 100.0627451 100.009221 99.8477303 100.0627451 99.9724529 99.8802496 100.054902 100.021444 99.8830048 100.0470588 100 100 100 100 100 100 100 100 100 100 100 100 100 100 100 100 100 100
99.9984016 99.8665514 100.054902 99.9494506 99.9999876 100.0 99.9188699 100.1060036 100.9764706 99.9081586 99.9480892 100.9843137 100.0520268 100.0025556 100.0 100.0795785 100.1604067 100.9764706 100.085726 100.3046766 100.9490196 100.0076449 100.3046338 100.9490196 99.9663294 100.3046143 100.9372549 100 100 100 100 100 100 100.0459554 100.3046067 100.9490196 100 100 100 100 100 100 99.9862283 99.8501747 100.0627451 100.0091563 99.850245 100.0627451 99.9723869 99.8801679 100.054902 100.0213929 99.8828617 100.0470588 100 100 100 100 100 100 100 100 100 100 100 100 100 100 100 100 100 100
99.9984143 99.8665753 100.054902 99.9494453 100.0025313 100.0078431 99.9188934 100.106062 100.9568627 99.9111475 99.9481 100.9843137 100.0520624 100.0025464 100.0 100.0780676 100.1550054 100.9764706 100.0857412 100.3046738 100.9490196 100.0076491 100.3045578 100.9490196 99.9663236 100.3045516 100.9372549 100 100 100 100 100 100 100.0459529 100.3018836 100.9490196 100 100 100 100 100 100 99.9862528 99.8501564 100.0627451 100.0091792 99.8502676 100.0627451 99.9724111 99.8801331 100.054902 100.021418 99.885478 100.0470588 100 100 100 100 100 100 100 100 100 100 100 100 100 100 100 100 100 100
99.9984506 99.866564 100.054902 99.9480436 99.9999827 100.0078431 99.9189008 100.10872 100.9647059 99.9097468 99.9534579 100.9921569 100.0520676 100.0025638 100.0 100.0780582 100.1576469 100.9764706 100.0842886 100.3046235 100.9490196 100.0076375 100.3018308 100.9490196 99.966375 100.3018233 100.9372549 100 100 100 100 100 100 100.0459229 100.2991639 100.9568627 100 100 100 100 100 100 99.9862817 99.8501733 100.0627451 100.0091992 99.8502467 100.0627451 99.9724391 99.8801226 100.0470588 100.0214386 99.8828737 100.0470588 100 100 100 100 100 100 100 100 100 100 100 100 100 100 100 100 100 100
99.999929 99.8639407 100.0470588 99.9493968 100.0026355 100.0 99.9233864 100.127875 100.9490196 99.9020066 99.9725847 100.9764706 100.0550219 99.9999873 100.0 100.0764767 100.149714 100.9764706 100.0856271 100.3019279 100.9411765 100.0090838 100.2992048 100.9411765 99.9662873 100.2991926 100.9294118 100 100 100 100 100 100 100.0473566 100.2965528 100.9411765 100 100 100 100 100 100 99.9892001 99.847536 100.054902 100.0106961 99.8476442 100.054902 99.9739499 99.877529 100.0470588 100.0229281 99.8801748 100.0392157 100 100 100 100 100 100 100 100 100 100 100 100 100 100 100 100 100 100
99.9999824 99.8638508 100.0470588 99.9493981 100.0026448 100.0 99.9249257 100.1466849 100.9490196 99.9004373 99.9916898 100.9568627 100.0550501 99.9999701 100.0 100.0780008 100.1523627 100.9764706 100.0856023 100.3018371 100.9411765 100.0090978 100.3018841 100.9411765 99.9662949 100.3018725 100.9294118 100 100 100 100 100 100 100.0473958 100.2992374 100.9411765 100 100 100 100 100 100 99.9892661 99.8449264 100.054902 100.0121651 99.8475458 100.054902 99.9739833 99.8747682 100.0470588 100.0243827 99.8801679 100.0392157 100 100 100 100 100 100 100 100 100 100 100 100 100 100 100 100 100 100
100.000033 99.861215 100.0470588 99.9494049 100.0027593 100.0117647 99.9249982 100.1497186 100.9490196 99.8989246 100.0136924 100.9490196 100.0550751 99.997358 100.0117647 100.0765274 100.1496007 100.9686275 100.0856398 100.2993116 100.9411765 100.0090893 100.299314 100.9411765 99.9662742 100.2992961 100.9411765 100 100 100 100 100 100 100.0473959 100.2992913 100.9411765 100 100 100 100 100 100 99.9907815 99.8422942 100.054902 100.0122176 99.8449174 100.054902 99.975439 99.8720646 100.0470588 100.0244215 99.8748335 100.0392157 100 100 100 100 100 100 100 100 100 100 100 100 100 100 100 100 100 100
100.0000469 99.858528 100.0352941 99.947977 100.005392 100.0 99.9234782 100.1659879 100.9647059 99.8913315 100.0734781 100.9294118 100.0551304 99.9972858 100.0 100.076557 100.1496869 100.9647059 100.0842144 100.296623 100.9294118 100.0061701 100.2993307 100.9294118 99.9633225 100.2993692 100.9176471 100 100 100 100 100 100 100.0459195 100.2966609 100.9294118 100 100 100 100 100 100 99.9923642 99.8395836 100.054902 100.010816 99.8422546 100.054902 99.9740504 99.8666984 100.0352941 100.023024 99.8748853 100.0352941 100 100 100 100 100 100 100 100 100 100 100 100 100 100 100 100 100 100
100.000048 99.8585299 100.027451 99.9479878 100.0027724 100.9960784 99.9234474 100.1687297 100.9490196 99.8897745 100.1034785 100.9098039 100.0550982 99.9972697 100.0 100.0765138 100.147039 100.9568627 100.0841967 100.296659 100.9215686 100.0061104 100.2993016 100.9215686 99.963298 100.296653 100.9098039 100 100 100 100 100 100 100.0458523 100.2966431 100.9215686 100 100 100 100 100 100 99.9938555 99.8395587 100.0352941 100.0122291 99.8422865 100.0352941 99.9740532 99.8666762 100.027451 100.0230073 99.8775 100.027451 100 100 100 100 100 100 100 100 100 100 100 100 100 100 100 100 100 100
100.001546 99.858557 100.027451 99.9480022 100.0027511 100.0 99.9249633 100.1633257 100.9647059 99.8882776 100.1443437 100.9176471 100.055085 99.9972635 100.0 100.0765361 100.1496571 100.9568627 100.0842306 100.2966861 100.9294118 100.0076122 100.2966687 100.9294118 99.9647658 100.2966865 100.9176471 100 100 100 100 100 100 100.0459157 100.2966412 100.9294118 100 100 100 100 100 100 99.9953484 99.8395749 100.0431373 100.0122722 99.842315 100.0431373 99.9754808 99.8666622 100.027451 100.0230202 99.8775571 100.0352941 100 100 100 100 100 100 100 100 100 100 100 100 100 100 100 100 100 100
100.003024 99.8611313 100.0196078 99.9494215 100.0026651 100.9960784 99.9265363 100.1523167 100.9568627 99.8882184 100.1903391 100.8745098 100.0550645 99.9973453 100.0 100.076498 100.1470406 100.9490196 100.085647 100.3019555 100.9019608 100.0060928 100.299285 100.9137255 99.9632568 100.2993239 100.9019608 100 100 100 100 100 100 100.0458609 100.2992381 100.9137255 100 100 100 100 100 100 99.9953425 99.8421962 100.027451 100.0137278 99.8449421 100.027451 99.9754755 99.8667402 100.0196078 100.0230028 99.8802846 100.0117647 100 100 100 100 100 100 100 100 100 100 100 100 100 100 100 100 100 100
100.0045465 99.8611753 100.0352941 99.9494361 100.0026746 100.0 99.9264968 100.1496502 100.9843137 99.8882055 100.2747264 100.8901961 100.055092 99.9999201 100.0 100.0795314 100.1577773 100.9568627 100.0842463 100.3020255 100.9294118 100.00759 100.3019788 100.9294118 99.9662946 100.3019979 100.9176471 100 100 100 100 100 100 100.0458835 100.3019743 100.9294118 100 100 100 100 100 100 99.9954196 99.8421917 100.054902 100.0137846 99.8475436 100.054902 99.9755354 99.8666429 100.0352941 100.0244628 99.8802166 100.0352941 100 100 100 100 100 100 100 100 100 100 100 100 100 100 100 100 100 100
100.0045844 99.8611702 100.0352941 99.9480171 100.0053383 100.0 99.9265136 100.1523153 100.9843137 99.8898262 100.3046839 100.9098039 100.0551138 99.9973328 100.0 100.078068 100.1550418 100.9568627 100.0856849 100.3019816 100.9176471 100.0061155 100.3074137 100.9294118 99.9632964 100.3074441 100.9176471 100 100 100 100 100 100 100.0459217 100.307427 100.9294118 100 100 100 100 100 100 99.9968588 99.8421906 100.0627451 100.0152953 99.8475398 100.054902 99.9755556 99.8666478 100.027451 100.0244958 99.8802291 100.0352941 100 100 100 100 100 100 100 100 100 100 100 100 100 100 100 100 100 100
100.0046186 99.8585473 100.0352941 99.9480263 100.0027652 100.9921569 99.9265707 100.1578278 100.972549 99.8959225 100.3211394 100.9294118 100.0551084 99.9972848 100.0 100.0780825 100.1523911 100.9568627 100.0842492 100.2967586 100.9176471 100.0076226 100.2993484 100.9176471 99.9648189 100.2993398 100.9176471 100 100 100 100 100 100 100.0459325 100.2993604 100.9176471 100 100 100 100 100 100 99.9968932 99.8395769 100.0431373 100.0153253 99.8449276 100.054902 99.975575 99.8640107 100.0352941 100.0244958 99.8776499 100.0352941 100 100 100 100 100 100 100 100 100 100 100 100 100 100 100 100 100 100
100.0045882 99.8611513 100.0196078 99.9480268 100.0027366 100.9882353 99.9295838 100.1658564 100.9568627 99.9005931 100.3401524 100.9215686 100.0551121 99.9973297 100.0 100.0765262 100.1523665 100.9411765 100.0842205 100.2993474 100.9137255 100.0076218 100.3020438 100.9137255 99.9633336 100.3047295 100.9019608 100 100 100 100 100 100 100.0459344 100.3020473 100.9137255 100 100 100 100 100 100 99.9954472 99.8421728 100.027451 100.013815 99.8449759 100.027451 99.9755394 99.8666129 100.0117647 100.0230464 99.8802681 100.0196078 100 100 100 100 100 100 100 100 100 100 100 100 100 100 100 100 100 100
100.0030928 99.8637477 100.0078431 99.9480332 100.0053053 100.9764706 99.9296295 100.1686216 100.945098 99.905115 100.3453636 100.9176471 100.0550854 99.9998948 100.0 100.0765699 100.155004 100.9294118 100.0841989 100.3018592 100.9019608 100.007646 100.3073972 100.9019608 99.9633317 100.3100755 100.9019608 100 100 100 100 100 100 100.0459786 100.3100692 100.9019608 100 100 100 100 100 100 99.9954182 99.8447625 100.027451 100.0138003 99.8475486 100.027451 99.975501 99.8692476 100.0 100.0230378 99.8828548 100.0 100 100 100 100 100 100 100 100 100 100 100 100 100 100 100 100 100 100
100.0045005 99.8637098 100.9960784 99.9494291 100.0053551 100.9607843 99.9325545 100.1687041 100.9411765 99.9096347 100.3454286 100.9019608 100.0550416 99.9998786 100.0 100.079499 100.1523861 100.9137255 100.0856023 100.3018677 100.8862745 100.0091092 100.3047026 100.8862745 99.9662541 100.304713 100.8745098 100 100 100 100 100 100 100.0474196 100.3046913 100.8862745 100 100 100 100 100 100 99.9968223 99.8447158 100.0 100.0137572 99.8449852 100.0 99.975487 99.8666932 100.9960784 100.024449 99.8802401 100.9960784 100 100 100 100 100 100 100 100 100 100 100 100 100 100 100 100 100 100
100.0000352 99.8637571 100.0 99.9480037 100.008048 100.9764706 99.9296389 100.1740646 100.9568627 99.9112558 100.3428011 100.9294118 100.0550891 99.9973058 100.0 100.0780898 100.1522806 100.9294118 100.0841883 100.3019969 100.9019608 100.0076581 100.3020015 100.9019608 99.9633355 100.3019831 100.8901961 100 100 100 100 100 100 100.0459355 100.3019715 100.9019608 100 100 100 100 100 100 99.9908425 99.8447851 100.0156863 100.0108081 99.8449674 100.0156863 99.9739867 99.8693081 100.0 100.0229619 99.8774637 100.0 100 100 100 100 100 100 100 100 100 100 100 100 100 100 100 100 100 100
100.0014213 99.8638142 100.0078431 99.9494197 100.0080758 100.9764706 99.9340607 100.1714753 100.9568627 99.9127257 100.3427148 100.9294118 100.0565102 99.997317 100.0 100.0810021 100.1550154 100.9294118 100.0856294 100.3020293 100.9019608 100.009069 100.3020064 100.9019608 99.964721 100.302 100.8901961 100 100 100 100 100 100 100.0473728 100.3019823 100.9019608 100 100 100 100 100 100 99.9907723 99.8448337 100.0156863 100.0121963 99.8475322 100.0156863 99.9753714 99.8693759 100.0078431 100.0243668 99.8775127 100.0 100 100 100 100 100 100 100 100 100 100 100 100 100 100 100 100 100 100
99.9999774 99.8637651 100.0196078 99.9494139 100.0081007 100.9960784 99.9340842 100.1714302 100.9686275 99.9127458 100.3427138 100.9294118 100.0565284 99.9972983 100.0 100.0810524 100.1549968 100.9411765 100.0856161 100.3019904 100.9137255 100.0075628 100.3019991 100.9137255 99.9632492 100.3020039 100.9019608 100 100 100 100 100 100 100.0473359 100.301975 100.9137255 100 100 100 100 100 100 99.989253 99.8448207 100.027451 100.0121626 99.8449479 100.027451 99.973964 99.8694093 100.0196078 100.0243745 99.8748012 100.0117647 100 100 100 100 100 100 100 100 100 100 100 100 100 100 100 100 100 100
99.9998983 99.8638616 100.027451 99.9494142 100.0107922 100.9960784 99.9326044 100.1713603 100.9764706 99.9127345 100.340026 100.9372549 100.056536 99.9972576 100.0 100.0810299 100.1497249 100.9490196 100.0855893 100.3019559 100.9215686 100.0090569 100.3073961 100.9215686 99.9647053 100.3074093 100.9098039 100 100 100 100 100 100 100.0488463 100.3074214 100.9215686 100 100 100 100 100 100 99.9877539 99.8449325 100.0352941 100.0106719 99.8475156 100.0352941 99.9739176 99.8747513 100.027451 100.0229416 99.8774428 100.0078431 100 100 100 100 100 100 100 100 100 100 100 100 100 100 100 100 100 100
99.9998684 99.8612379 100.0352941 99.9494107 100.010841 100.0 99.9341038 100.1686325 100.9647059 99.9141795 100.3238022 100.945098 100.0565392 99.9946455 100.0 100.0810317 100.1470712 100.9568627 100.0855829 100.2994762 100.9294118 100.007567 100.2993887 100.9294118 99.9647334 100.2993987 100.9176471 100 100 100 100 100 100 100.0473402 100.2993852 100.9294118 100 100 100 100 100 100 99.9877169 99.8423219 100.0431373 100.0106384 99.8448895 100.0431373 99.9739279 99.8721954 100.027451 100.0229302 99.8748255 100.0156863 100 100 100 100 100 100 100 100 100 100 100 100 100 100 100 100 100 100
99.9984448 99.8612738 100.0352941 99.9494062 100.0108636 100.0 99.9326077 100.1686396 100.9843137 99.9127406 100.321177 100.945098 100.0565388 99.9946403 100.0 100.0825329 100.1471081 100.9647059 100.0841382 100.2993898 100.9176471 100.0060654 100.3021038 100.9176471 99.9632682 100.3047663 100.9176471 100 100 100 100 100 100 100.0473455 100.3047798 100.9294118 100 100 100 100 100 100 99.9876718 99.8423647 100.0352941 100.0105992 99.8449173 100.0431373 99.9739081 99.8721692 100.0352941 100.0228943 99.8722016 100.027451 100 100 100 100 100 100 100 100 100 100 100 100 100 100 100 100 100 100
99.9969857 99.8638649 100.027451 99.9480057 100.0134353 100.9960784 99.9311598 100.1658421 100.9764706 99.9127421 100.3128522 100.9372549 100.0551059 99.9972256 100.9960784 100.0796165 100.1522702 100.9568627 100.0811548 100.299295 100.9098039 100.0046048 100.3101397 100.9215686 99.9618325 100.3128607 100.9215686 100 100 100 100 100 100 100.0458979 100.3128188 100.9215686 100 100 100 100 100 100 99.9862029 99.8474883 100.0352941 100.009142 99.8474928 100.0352941 99.9724521 99.8774933 100.027451 100.021443 99.8748021 100.0196078 100 100 100 100 100 100 100 100 100 100 100 100 100 100 100 100 100 100
99.9983957 99.863864 100.0352941 99.9494261 100.0134563 100.0 99.9325726 100.1658434 100.972549 99.9141829 100.304744 100.9372549 100.056526 99.9972109 100.0 100.0825112 100.1496947 100.9647059 100.0825985 100.29916 100.9176471 100.0060265 100.3101059 100.9294118 99.9646885 100.3128063 100.9176471 100 100 100 100 100 100 100.0458635 100.3127863 100.9294118 100 100 100 100 100 100 99.9876071 99.8474936 100.0431373 100.009134 99.8449583 100.0431373 99.9738627 99.8801062 100.0352941 100.0228388 99.8747253 100.027451 100 100 100 100 100 100 100 100 100 100 100 100 100 100 100 100 100 100
99.9969442 99.8639 100.0352941 99.9480229 100.0134168 100.0 99.9311285 100.1631953 100.9843137 99.9127756 100.3019138 100.9294118 100.0551011 99.9972211 100.0 100.0810771 100.1496766 100.9647059 100.0811271 100.2991085 100.9294118 100.0061064 100.3101028 100.9294118 99.9632705 100.3100952 100.9294118 100 100 100 100 100 100 100.0458792 100.3127891 100.9294118 100 100 100 100 100 100 99.9847753 99.8475678 100.0431373 100.0076803 99.8474769 100.0431373 99.9724218 99.8801623 100.0352941 100.021416 99.8747412 100.027451 100 100 100 100 100 100 100 100 100 100 100 100 100 100 100 100 100 100
