100.0014774 99.853077 100.0196078 99.9402644 99.9999916 100.0078431 99.9204124 100.1578378 100.9921569 99.9035682 100.3291836 100.9490196 100.0581565 99.9999909 100.0 100.0872193 100.1713518 100.9647059 100.0964129 100.3292864 100.9294118 99.9999943 100.3319107 100.9294118 99.9602083 100.3291773 100.9372549 100 100 100 100 100 100 100.0397861 100.3319206 100.9294118 100 100 100 100 100 100 99.9878147 99.8447876 100.0352941 100.0122138 99.8394141 100.027451 99.9739212 99.872108 100.0352941 100.0259309 99.866619 100.0078431 100 100 100 100 100 100 100 100 100 100 100 100 100 100 100 100 100 100
100.0014692 99.8530935 100.0196078 99.9402687 100.0000104 100.0 99.9203928 100.16052 100.9843137 99.9035775 100.3293172 100.9411765 100.0596192 99.9999816 100.0 100.0871812 100.1632591 100.9490196 100.0978611 100.3292686 100.9294118 100.0000076 100.3264776 100.9294118 99.9616993 100.3210924 100.9294118 100 100 100 100 100 100 100.0397791 100.3264746 100.9294118 100 100 100 100 100 100 99.9878072 99.8448089 100.027451 100.0122029 99.8394328 100.0196078 99.973924 99.8721631 100.0196078 100.024534 99.8666182 100.0117647 100 100 100 100 100 100 100 100 100 100 100 100 100 100 100 100 100 100
100.0014742 99.8530985 100.0 99.9402704 99.999997 100.9921569 99.9204037 100.1578467 100.972549 99.9035876 100.3292155 100.9294118 100.0581353 99.999969 100.0 100.0872028 100.1659814 100.9372549 100.0964336 100.3292113 100.9176471 100.0000128 100.3292681 100.9176471 99.9616716 100.3265382 100.9176471 100 100 100 100 100 100 100.0397926 100.3319327 100.9176471 100 100 100 100 100 100 99.9878079 99.8448152 100.0078431 100.0122094 99.8394346 100.0078431 99.9739222 99.8721478 100.0156863 100.0245368 99.8666751 100.9921569 100 100 100 100 100 100 100 100 100 100 100 100 100 100 100 100 100 100
100.0014613 99.8531134 100.0 99.9402619 99.9999871 100.9921569 99.9204067 100.1578323 100.9843137 99.9035698 100.3292742 100.9294118 100.058164 100.0000039 100.0 100.0872192 100.1687011 100.9372549 100.0978558 100.3292967 100.9176471 99.9999677 100.329212 100.9176471 99.9601702 100.3265118 100.9176471 100 100 100 100 100 100 100.0383138 100.3292196 100.9176471 100 100 100 100 100 100 99.9877948 99.8448149 100.0078431 100.0121951 99.8394274 100.0078431 99.9739144 99.872159 100.0156863 100.0245368 99.8665803 100.0 100 100 100 100 100 100 100 100 100 100 100 100 100 100 100 100 100 100
100.0014695 99.8530749 100.0 99.9402646 100.0000161 100.9843137 99.9189035 100.1632254 100.9764706 99.9035774 100.3291691 100.9215686 100.0581513 99.9999729 100.0 100.0872312 100.1739892 100.9372549 100.096436 100.3293115 100.9098039 100.0000102 100.3292599 100.9098039 99.961679 100.3291575 100.9019608 100 100 100 100 100 100 100.0397774 100.3319095 100.9098039 100 100 100 100 100 100 99.9878039 99.8448009 100.0078431 100.0121961 99.8394514 100.0078431 99.9739137 99.8721416 100.0 100.0245162 99.8691978 100.9960784 100 100 100 100 100 100 100 100 100 100 100 100 100 100 100 100 100 100
100.0014696 99.8530775 100.0078431 99.9402726 100.0000189 100.9921569 99.9203918 100.1659042 100.972549 99.903588 100.3291786 100.9294118 100.0581613 99.9999655 100.0 100.0871822 100.1658721 100.9372549 100.0964504 100.3318497 100.9098039 100.0000094 100.3264924 100.9176471 99.9616868 100.326423 100.9176471 100 100 100 100 100 100 100.0397754 100.3264897 100.9176471 100 100 100 100 100 100 99.9878073 99.8447784 100.0156863 100.0121977 99.8394318 100.0078431 99.9724611 99.872145 100.0156863 100.0245364 99.8666377 100.9921569 100 100 100 100 100 100 100 100 100 100 100 100 100 100 100 100 100 100
100.0014797 99.8531222 100.0196078 99.9402763 100.0000074 100.0 99.9219222 100.1577719 100.9960784 99.9036157 100.3346369 100.9411765 100.0581617 99.9999736 100.0 100.0872279 100.1631865 100.9568627 100.0978946 100.3292208 100.9215686 99.999998 100.3292058 100.9215686 99.9602025 100.3265124 100.9215686 100 100 100 100 100 100 100.0397854 100.32922 100.9215686 100 100 100 100 100 100 99.9878114 99.8448251 100.027451 100.0122008 99.8420774 100.0196078 99.972473 99.8722188 100.027451 100.0245296 99.8666727 100.0117647 100 100 100 100 100 100 100 100 100 100 100 100 100 100 100 100 100 100
100.0014622 99.8531288 100.027451 99.9402753 100.0000191 100.0078431 99.9219502 100.1632623 100.0 99.9035864 100.329253 100.9490196 100.0581499 99.9999815 100.0 100.0872094 100.1713055 100.9568627 100.0978935 100.32918 100.9372549 100.0000323 100.3319679 100.9372549 99.9601882 100.3292724 100.9294118 100 100 100 100 100 100 100.0398182 100.3319681 100.9372549 100 100 100 100 100 100 99.9877901 99.8448702 100.0352941 100.0121844 99.8421121 100.027451 99.9724788 99.8747902 100.0352941 100.0245058 99.8666853 100.0196078 100 100 100 100 100 100 100 100 100 100 100 100 100 100 100 100 100 100
100.0014691 99.853073 100.0078431 99.9402665 100.0000235 100.9921569 99.9234525 100.165907 100.9843137 99.9035312 100.3291612 100.9294118 100.0581454 99.9999621 100.0 100.0871949 100.1658724 100.9372549 100.0979036 100.3291443 100.9098039 99.9999853 100.3292237 100.9098039 99.9586619 100.3264736 100.9176471 100 100 100 100 100 100 100.0397937 100.3318951 100.9098039 100 100 100 100 100 100 99.987794 99.8448137 100.0156863 100.0121909 99.8420737 100.0156863 99.9724791 99.8747534 100.0156863 100.0245152 99.8691956 100.9921569 100 100 100 100 100 100 100 100 100 100 100 100 100 100 100 100 100 100
100.0000848 99.8530861 100.0078431 99.9388563 100.0000378 100.9921569 99.925008 100.1578362 100.9843137 99.9019947 100.3046104 100.9372549 100.0581535 99.9999569 100.0 100.0872219 100.1632192 100.945098 100.0964531 100.3291165 100.9176471 99.9999907 100.3346431 100.9098039 99.9571809 100.3318946 100.9098039 100 100 100 100 100 100 100.0397974 100.337314 100.9098039 100 100 100 100 100 100 99.9877986 99.8448708 100.0156863 100.0121795 99.8421028 100.0078431 99.9724897 99.8747561 100.0156863 100.0245151 99.8692363 100.0 100 100 100 100 100 100 100 100 100 100 100 100 100 100 100 100 100 100
100.0000911 99.8531122 100.0078431 99.9388623 100.0000527 100.9921569 99.9250271 100.1578465 100.9843137 99.9021377 100.2801336 100.945098 100.0566755 99.9999373 100.0 100.0872632 100.1686971 100.9372549 100.0978996 100.329133 100.9098039 100.0000529 100.326467 100.9176471 99.9602329 100.3237336 100.9098039 100 100 100 100 100 100 100.0398514 100.3264669 100.9176471 100 100 100 100 100 100 99.987809 99.8449073 100.0156863 100.0121929 99.842131 100.0078431 99.9724925 99.8747437 100.0156863 100.0245097 99.8692403 100.0 100 100 100 100 100 100 100 100 100 100 100 100 100 100 100 100 100 100
100.0000596 99.8531125 100.0196078 99.9388654 100.0025776 100.0117647 99.9250666 100.1577701 100.9960784 99.9066779 100.2448627 100.9686275 100.0566825 99.9999157 100.0 100.087237 100.1685888 100.9568627 100.0964825 100.3291857 100.9294118 100.0000063 100.3264484 100.9294118 99.9602254 100.3237072 100.9294118 100 100 100 100 100 100 100.0383557 100.3264577 100.9294118 100 100 100 100 100 100 99.9877807 99.844883 100.027451 100.0107423 99.842098 100.0196078 99.972467 99.872174 100.027451 100.0245009 99.8666704 100.0 100 100 100 100 100 100 100 100 100 100 100 100 100 100 100 100 100 100
99.9999862 99.855761 100.0196078 99.9388489 100.0026211 100.0 99.9249952 100.193079 100.9960784 99.9097442 100.1741038 100.9960784 100.056673 99.9998913 100.0 100.0872425 100.1605231 100.9568627 100.0964876 100.3291905 100.9294118 100.0000565 100.3265183 100.9294118 99.9587286 100.323801 100.9215686 100 100 100 100 100 100 100.0398655 100.3265109 100.9294118 100 100 100 100 100 100 99.9877098 99.8474906 100.0196078 100.0092278 99.8421862 100.027451 99.9709596 99.8747908 100.027451 100.0244506 99.8692507 100.0117647 100 100 100 100 100 100 100 100 100 100 100 100 100 100 100 100 100 100
99.9999775 99.8558066 100.0 99.9388466 100.0026606 100.9960784 99.9250491 100.195734 100.9098039 99.9128405 100.141489 100.8745098 100.0566936 99.999877 100.0 100.087277 100.1605458 100.9294118 100.0964942 100.3291666 100.9098039 100.0000453 100.3292309 100.9098039 99.9587389 100.3291587 100.9098039 100 100 100 100 100 100 100.0383917 100.3292282 100.9098039 100 100 100 100 100 100 99.9862911 99.8474728 100.0078431 100.0077146 99.8421787 100.0 99.9694274 99.8747474 100.0078431 100.0230287 99.8692048 100.9960784 100 100 100 100 100 100 100 100 100 100 100 100 100 100 100 100 100 100
99.9999926 99.8557047 100.027451 99.9402477 100.0027388 100.0196078 99.9265457 100.1958519 100.9647059 99.917318 100.1114568 100.9098039 100.058143 99.9998209 100.0 100.0887367 100.160464 100.9568627 100.099431 100.3264907 100.9372549 100.0015781 100.3264759 100.9372549 99.9632176 100.3264061 100.9372549 100 100 100 100 100 100 100.0413485 100.3264347 100.9372549 100 100 100 100 100 100 99.9877146 99.8474065 100.027451 100.0076728 99.8421032 100.027451 99.9693788 99.874741 100.0352941 100.0244617 99.8691568 100.0196078 100 100 100 100 100 100 100 100 100 100 100 100 100 100 100 100 100 100
99.9954868 99.855788 100.027451 99.9479655 100.0026725 100.9647059 99.9174225 100.1931317 100.9921569 99.9251105 100.0626084 100.9490196 100.053625 99.9973128 100.0 100.0857509 100.1632139 100.9568627 100.0949589 100.3265435 100.9372549 99.9985672 100.3292507 100.9372549 99.9587397 100.3291888 100.9294118 100 100 100 100 100 100 100.0383329 100.329247 100.9372549 100 100 100 100 100 100 99.9831949 99.8474899 100.0352941 100.0031425 99.84217 100.027451 99.9648743 99.8748445 100.0352941 100.0199694 99.866652 100.0196078 100 100 100 100 100 100 100 100 100 100 100 100 100 100 100 100 100 100
99.9954664 99.8557697 100.0313725 99.9479856 100.0026424 100.9764706 99.9173913 100.1877609 100.9960784 99.9266352 100.051677 100.9686275 100.0536318 99.9998898 100.0 100.0857333 100.1579114 100.9764706 100.094972 100.3266057 100.9411765 99.9985651 100.3319491 100.9411765 99.9602332 100.3292338 100.9411765 100 100 100 100 100 100 100.0383317 100.3292784 100.9411765 100 100 100 100 100 100 99.9817185 99.847494 100.0470588 100.0031117 99.8421414 100.0392157 99.9648692 99.8748498 100.0470588 100.0199434 99.8666547 100.0313725 100 100 100 100 100 100 100 100 100 100 100 100 100 100 100 100 100 100
99.9968906 99.8558108 100.027451 99.9479095 100.0001209 100.9764706 99.9173467 100.187806 100.0078431 99.9310738 100.046204 100.9843137 100.0550408 99.9999395 100.0 100.0871681 100.1633153 100.9647059 100.0978181 100.3291794 100.9372549 99.9999465 100.3292733 100.9372549 99.9601225 100.3265745 100.9372549 100 100 100 100 100 100 100.0397372 100.3292455 100.9372549 100 100 100 100 100 100 99.9831239 99.8475372 100.0352941 100.0045435 99.8421925 100.027451 99.966269 99.8748761 100.0352941 100.0213753 99.8666738 100.0196078 100 100 100 100 100 100 100 100 100 100 100 100 100 100 100 100 100 100
99.9983937 99.8557199 100.0078431 99.9493999 100.0026789 100.9568627 99.9173113 100.1877371 100.9921569 99.9295718 100.0490068 100.9647059 100.0535478 99.9998943 100.0 100.0871482 100.1631992 100.9372549 100.0978201 100.3291282 100.9176471 99.9999451 100.3292201 100.9176471 99.9601212 100.326504 100.9176471 100 100 100 100 100 100 100.0397238 100.3291927 100.9176471 100 100 100 100 100 100 99.9846488 99.8474787 100.0078431 100.0060593 99.84212 100.0078431 99.9663087 99.8748689 100.0156863 100.0228489 99.8666361 100.0 100 100 100 100 100 100 100 100 100 100 100 100 100 100 100 100 100 100
99.9970049 99.8583981 100.0196078 99.9479898 100.0026441 100.9764706 99.9158908 100.1903807 100.0 99.9266542 100.0651557 100.9764706 100.0536203 99.9999044 100.0 100.0857081 100.1632465 100.9764706 100.0949716 100.3265535 100.9490196 99.9984853 100.3292199 100.9372549 99.9571962 100.3264841 100.9372549 100 100 100 100 100 100 100.0368067 100.3318706 100.9372549 100 100 100 100 100 100 99.9832324 99.847505 100.0352941 100.0046751 99.8421418 100.027451 99.9663681 99.8748074 100.0352941 100.0214339 99.8691866 100.0196078 100 100 100 100 100 100 100 100 100 100 100 100 100 100 100 100 100 100
99.9969906 99.8583473 100.0196078 99.9479537 100.0026148 100.9568627 99.9173625 100.1956886 100.9960784 99.9250899 100.0734163 100.9568627 100.0536212 99.9998764 100.0 100.0857191 100.1659067 100.9568627 100.0949374 100.3290792 100.9294118 99.9985196 100.3318285 100.9215686 99.9571882 100.3291258 100.9294118 100 100 100 100 100 100 100.036834 100.3318344 100.9215686 100 100 100 100 100 100 99.9846974 99.8474422 100.027451 100.0061281 99.8447099 100.0196078 99.9663861 99.8747824 100.027451 100.0214423 99.8692074 100.0117647 100 100 100 100 100 100 100 100 100 100 100 100 100 100 100 100 100 100
99.9999876 99.855823 100.0392157 99.9388733 100.0001281 100.9960784 99.9204529 100.1932654 100.9882353 99.9173867 100.1334575 100.9686275 100.0566687 99.9974152 100.0 100.0872784 100.1633289 100.9764706 100.0964884 100.3265923 100.9411765 100.0000302 100.3239165 100.9490196 99.95872 100.3211539 100.9490196 100 100 100 100 100 100 100.0398153 100.3239128 100.9490196 100 100 100 100 100 100 99.987706 99.8449682 100.0392157 100.0092259 99.8422164 100.0392157 99.970971 99.8749417 100.0470588 100.0244623 99.8667679 100.0313725 100 100 100 100 100 100 100 100 100 100 100 100 100 100 100 100 100 100
99.9999848 99.8558213 100.0196078 99.9388658 100.000051 100.0117647 99.9173501 100.1904757 100.9568627 99.9066849 100.1497586 100.9294118 100.0566822 99.9974616 100.0117647 100.0872477 100.1687288 100.9490196 100.0964677 100.3266332 100.9294118 99.9999791 100.3293041 100.9294118 99.9571874 100.3239264 100.9294118 100 100 100 100 100 100 100.0383148 100.3293433 100.9294118 100 100 100 100 100 100 99.9876987 99.8449942 100.0196078 100.0092195 99.8422078 100.0196078 99.9724454 99.8748957 100.027451 100.0244484 99.8667506 100.0117647 100 100 100 100 100 100 100 100 100 100 100 100 100 100 100 100 100 100
99.9999858 99.8532007 100.9843137 99.9402746 100.0000376 100.9764706 99.9189149 100.1933026 100.8823529 99.9020695 100.1768937 100.8745098 100.0581518 99.9999503 100.0 100.0872234 100.1687693 100.9098039 100.0964519 100.3265425 100.8823529 99.9999414 100.3238835 100.8823529 99.9571556 100.3211233 100.8823529 100 100 100 100 100 100 100.0382999 100.326567 100.8823529 100 100 100 100 100 100 99.9877152 99.844998 100.9921569 100.0106536 99.8422393 100.9843137 99.9724509 99.8749711 100.9921569 100.0244577 99.8668193 100.9764706 100 100 100 100 100 100 100 100 100 100 100 100 100 100 100 100 100 100
100.000025 99.8558612 100.027451 99.9403076 100.0000264 100.0078431 99.9234504 100.1497536 100.0078431 99.9081589 100.2449239 100.9294118 100.0581532 99.999992 100.0 100.0872136 100.1686768 100.9647059 100.0964468 100.3266374 100.9294118 99.99849 100.3238884 100.9372549 99.9586541 100.3211746 100.9294118 100 100 100 100 100 100 100.038256 100.3238866 100.9372549 100 100 100 100 100 100 99.9877654 99.8450203 100.0352941 100.0107206 99.8448338 100.027451 99.9724557 99.8776143 100.0352941 100.0244859 99.8694311 100.0196078 100 100 100 100 100 100 100 100 100 100 100 100 100 100 100 100 100 100
100.0000548 99.855829 100.0078431 99.9403004 100.0000112 100.9843137 99.9234553 100.1497866 100.9764706 99.9081803 100.2586088 100.9019608 100.0581379 100.0000006 100.0 100.0872262 100.1686692 100.9372549 100.0978686 100.3265583 100.9098039 99.9999451 100.3266078 100.9098039 99.9586554 100.3238575 100.9019608 100 100 100 100 100 100 100.038294 100.3292759 100.9019608 100 100 100 100 100 100 99.9877945 99.8449755 100.0196078 100.0121534 99.8448154 100.0078431 99.9739147 99.8776017 100.0078431 100.0245083 99.8693788 100.9960784 100 100 100 100 100 100 100 100 100 100 100 100 100 100 100 100 100 100
100.0000651 99.855813 100.0 99.9402877 99.9999915 100.9843137 99.923489 100.1497493 100.9764706 99.9081338 100.2585976 100.9098039 100.0581525 100.00002 100.0 100.087223 100.1687625 100.9294118 100.0964419 100.3265267 100.9019608 99.9999579 100.3265108 100.9019608 99.9586939 100.3237973 100.9019608 100 100 100 100 100 100 100.0383034 100.3265575 100.9019608 100 100 100 100 100 100 99.9878166 99.8449478 100.0078431 100.0121547 99.8447854 100.0078431 99.9739169 99.8775584 100.0078431 100.0245064 99.869321 100.0 100 100 100 100 100 100 100 100 100 100 100 100 100 100 100 100 100 100
100.0000756 99.8558588 100.9960784 99.9402899 100.000007 100.9764706 99.9249605 100.1497743 100.9686275 99.9112373 100.2204714 100.9411765 100.0566605 99.9999653 100.0 100.0872326 100.1713668 100.9294118 100.0964555 100.3266541 100.8941176 99.9999914 100.3265841 100.8941176 99.9571713 100.3238679 100.8941176 100 100 100 100 100 100 100.0397826 100.3292363 100.8941176 100 100 100 100 100 100 99.987828 99.8449456 100.0 100.0121671 99.8448007 100.0 99.9724627 99.8775658 100.0 100.0245014 99.869314 100.9882353 100 100 100 100 100 100 100 100 100 100 100 100 100 100 100 100 100 100
100.0000378 99.8584772 100.0078431 99.9402803 100.0000445 100.9921569 99.9234591 100.1768463 100.9843137 99.9036338 100.1959084 100.9647059 100.058144 99.9999435 100.0 100.0872259 100.1686485 100.945098 100.0964499 100.3319216 100.9098039 99.9999715 100.3292783 100.9098039 99.9571525 100.3265378 100.9176471 100 100 100 100 100 100 100.0383392 100.3346765 100.9098039 100 100 100 100 100 100 99.9877807 99.8449739 100.0156863 100.0107275 99.8447733 100.0156863 99.9724404 99.8775524 100.0156863 100.0244883 99.869342 100.0 100 100 100 100 100 100 100 100 100 100 100 100 100 100 100 100 100 100
100.0000649 99.8611965 100.0117647 99.9388683 100.0000876 100.0 99.9188966 100.1904745 100.9686275 99.909722 100.1578606 100.0 100.0566625 99.9974214 100.0 100.0872601 100.1660383 100.9686275 100.097908 100.3292914 100.9215686 100.0000198 100.3292471 100.9215686 99.9572047 100.3265494 100.9294118 100 100 100 100 100 100 100.0398129 100.329295 100.9215686 100 100 100 100 100 100 99.9878064 99.8450033 100.027451 100.0107533 99.8448279 100.0196078 99.9724468 99.8749092 100.027451 100.0244941 99.8693433 100.0117647 100 100 100 100 100 100 100 100 100 100 100 100 100 100 100 100 100 100
100.0014554 99.8585271 100.0196078 99.9402892 100.0027248 100.0 99.9203938 100.1958983 100.9568627 99.9203989 100.1061275 100.9019608 100.0566268 99.9973552 100.0 100.0887297 100.1633172 100.9490196 100.0993756 100.3266154 100.9294118 100.0014895 100.3293273 100.9294118 99.9586645 100.3266081 100.9294118 100 100 100 100 100 100 100.0412888 100.3320119 100.9294118 100 100 100 100 100 100 99.9891913 99.845033 100.027451 100.0106669 99.8447791 100.0196078 99.9724264 99.8776053 100.027451 100.0259057 99.8667902 100.0117647 100 100 100 100 100 100 100 100 100 100 100 100 100 100 100 100 100 100
99.9984612 99.8585907 100.0196078 99.9464956 100.00014 100.0196078 99.9158732 100.193165 100.9764706 99.925072 100.070799 100.9294118 100.0536207 99.9973689 100.0 100.0857481 100.1660841 100.9568627 100.0949426 100.3266955 100.9215686 99.9985787 100.326607 100.9215686 99.9587539 100.3239017 100.9294118 100 100 100 100 100 100 100.0383239 100.3266488 100.9215686 100 100 100 100 100 100 99.9847753 99.8450858 100.0196078 100.0061825 99.842305 100.0196078 99.9679229 99.8776179 100.027451 100.0214717 99.8693544 100.0117647 100 100 100 100 100 100 100 100 100 100 100 100 100 100 100 100 100 100
99.9970295 99.8585834 100.0196078 99.9479785 100.0001455 100.9568627 99.9158583 100.1878364 100.9843137 99.9266148 100.0517894 100.9411765 100.0536279 99.9973722 100.0 100.0857418 100.1633224 100.9568627 100.09498 100.3265666 100.9294118 99.9985574 100.3266588 100.9294118 99.958756 100.326554 100.9215686 100 100 100 100 100 100 100.0383263 100.3293353 100.9294118 100 100 100 100 100 100 99.98475 99.8450737 100.027451 100.0061524 99.8448223 100.0196078 99.9664079 99.8776574 100.027451 100.0214597 99.8668175 100.0117647 100 100 100 100 100 100 100 100 100 100 100 100 100 100 100 100 100 100
99.998448 99.8585779 100.0196078 99.9479125 100.000138 100.9568627 99.915807 100.1851269 100.9843137 99.9311039 100.0381537 100.9568627 100.0550391 99.9973901 100.0 100.0871762 100.1633503 100.9490196 100.0978324 100.3265155 100.9294118 100.0014263 100.326655 100.9294118 99.961656 100.3265578 100.9294118 100 100 100 100 100 100 100.0397727 100.3293254 100.9294118 100 100 100 100 100 100 99.9861475 99.8450642 100.027451 100.0075739 99.8423155 100.027451 99.9678132 99.8776706 100.027451 100.0228547 99.8668483 100.0196078 100 100 100 100 100 100 100 100 100 100 100 100 100 100 100 100 100 100
99.9970139 99.8558815 100.0196078 99.9479887 100.000115 100.9764706 99.9144027 100.1824276 100.9843137 99.9311635 100.0408229 100.9764706 100.0536289 99.9974127 100.0 100.0857377 100.1634057 100.9568627 100.0964512 100.3266065 100.9215686 99.9999956 100.3293747 100.9215686 99.9602246 100.3266629 100.9294118 100 100 100 100 100 100 100.0383612 100.3293774 100.9215686 100 100 100 100 100 100 99.9847142 99.8450355 100.027451 100.0061623 99.8422724 100.0196078 99.9664031 99.8776455 100.027451 100.0214544 99.8667929 100.0117647 100 100 100 100 100 100 100 100 100 100 100 100 100 100 100 100 100 100
99.9984276 99.8558656 100.0078431 99.947995 100.0001276 100.9568627 99.9158486 100.1878905 100.9843137 99.9296771 100.0437561 100.9647059 100.0536183 99.9974098 100.0 100.0857039 100.1633266 100.945098 100.0964296 100.3239218 100.9176471 99.9985638 100.3266558 100.9176471 99.9602213 100.3239435 100.9176471 100 100 100 100 100 100 100.0383379 100.3266398 100.9176471 100 100 100 100 100 100 99.9847417 99.8450414 100.0156863 100.0061644 99.842287 100.0156863 99.9679018 99.8776227 100.0156863 100.021452 99.8668864 100.0 100 100 100 100 100 100 100 100 100 100 100 100 100 100 100 100 100 100
99.9984337 99.8585053 100.0196078 99.9464736 100.0001239 100.9490196 99.915892 100.1933312 100.9843137 99.9265351 100.0843419 100.9568627 100.0551164 99.9973834 100.0 100.0857109 100.1632861 100.9568627 100.096367 100.3265347 100.9294118 100.0000033 100.3265988 100.9294118 99.9602199 100.3238861 100.9294118 100 100 100 100 100 100 100.0398148 100.3266053 100.9294118 100 100 100 100 100 100 99.9861613 99.8450231 100.027451 100.0076393 99.8422468 100.027451 99.9694014 99.8775811 100.027451 100.0229026 99.8667661 100.0117647 100 100 100 100 100 100 100 100 100 100 100 100 100 100 100 100 100 100
99.9999689 99.85845810000001 100.0196078 99.9403188 100.0001203 100.9294118 99.9188597 100.1932815 100.9843137 99.9204201 100.1088465 100.9686275 100.05812 99.9999012 100.0 100.0872011 100.1659276 100.9568627 100.0978925 100.3266653 100.9294118 100.0014898 100.3292667 100.9294118 99.9617368 100.3265449 100.9294118 100 100 100 100 100 100 100.0398272 100.3319651 100.9294118 100 100 100 100 100 100 99.9876951 99.8449921 100.027451 100.0091945 99.8422186 100.0196078 99.97094 99.8775389 100.027451 100.0244167 99.8667288 100.0117647 100 100 100 100 100 100 100 100 100 100 100 100 100 100 100 100 100 100
100.0000093 99.8584794 100.0196078 99.9403038 100.0000896 100.0 99.9189326 100.1930756 100.9686275 99.9158008 100.1524641 100.9568627 100.0581452 99.9999229 100.0 100.0872333 100.1632923 100.9568627 100.097906 100.3265511 100.9294118 100.0000755 100.3265834 100.9294118 99.9602346 100.3238454 100.9215686 100 100 100 100 100 100 100.0398496 100.326582 100.9294118 100 100 100 100 100 100 99.987751 99.8449916 100.0196078 100.0106752 99.8447565 100.0196078 99.9724508 99.8748726 100.027451 100.0244485 99.8667827 100.0117647 100 100 100 100 100 100 100 100 100 100 100 100 100 100 100 100 100 100
100.0000318 99.8585098 100.0470588 99.9402915 100.0000478 100.027451 99.9264443 100.1496423 100.027451 99.9143354 100.214937 100.9294118 100.0581413 99.9999381 100.0 100.0872327 100.1687525 100.9843137 100.0978856 100.3265704 100.9568627 100.0000128 100.3265251 100.9568627 99.9616837 100.3237998 100.9568627 100 100 100 100 100 100 100.0397604 100.3265417 100.9568627 100 100 100 100 100 100 99.9877605 99.8450053 100.054902 100.0107084 99.8447951 100.0470588 99.9724311 99.8775903 100.054902 100.0244541 99.8692969 100.0392157 100 100 100 100 100 100 100 100 100 100 100 100 100 100 100 100 100 100
100.0000318 99.8585098 100.027451 99.9402915 100.0000478 100.0078431 99.9264443 100.1496423 100.0 99.9143354 100.214937 100.9294118 100.0581413 99.9999381 100.0 100.0872327 100.1687525 100.9647059 100.0978856 100.3265704 100.9372549 100.0000128 100.3265251 100.9372549 99.9616837 100.3237998 100.9294118 100 100 100 100 100 100 100.0397604 100.3265417 100.9372549 100 100 100 100 100 100 99.9877605 99.8450053 100.0352941 100.0107084 99.8447951 100.0352941 99.9724311 99.8775903 100.0352941 100.0244541 99.8692969 100.0196078 100 100 100 100 100 100 100 100 100 100 100 100 100 100 100 100 100 100
100.0014411 99.858534 100.0078431 99.9402853 99.9999844 100.9921569 99.9264415 100.1496922 100.0 99.9157396 100.2395844 100.945098 100.0581381 100.0000229 100.0 100.0871949 100.1685907 100.9568627 100.097912 100.3264624 100.9176471 100.0014839 100.3265702 100.9176471 99.9617206 100.3264777 100.9176471 100 100 100 100 100 100 100.0412729 100.3292077 100.9176471 100 100 100 100 100 100 99.9878016 99.8449924 100.0156863 100.0121565 99.8448238 100.0156863 99.9738892 99.8775493 100.0156863 100.0244895 99.8693836 100.0 100 100 100 100 100 100 100 100 100 100 100 100 100 100 100 100 100 100
100.0000131 99.8585512 100.0196078 99.9402819 100.0000286 100.0 99.9264465 100.1904466 100.8862745 99.9126876 100.1740664 100.8862745 100.0581279 99.9999619 100.0 100.0872092 100.1686747 100.9568627 100.097927 100.3264791 100.9294118 100.0015199 100.329249 100.9294118 99.9631813 100.3265377 100.9294118 100 100 100 100 100 100 100.0428248 100.331962 100.9294118 100 100 100 100 100 100 99.9877598 99.8450088 100.0196078 100.0106964 99.8448068 100.0196078 99.9724098 99.877569 100.027451 100.0244473 99.86933 100.0117647 100 100 100 100 100 100 100 100 100 100 100 100 100 100 100 100 100 100
99.9984284 99.8611295 100.9960784 99.9434117 100.0000023 100.8941176 99.921936 100.1956782 100.9490196 99.9266223 100.0815275 100.9137255 100.0566637 99.9999823 100.0 100.0857652 100.1712663 100.9294118 100.0964831 100.3292729 100.9137255 100.0000521 100.3291813 100.9137255 99.9617284 100.3290941 100.9019608 100 100 100 100 100 100 100.0413515 100.3291775 100.9137255 100 100 100 100 100 100 99.9847456 99.8476275 100.9960784 100.0076537 99.8448381 100.9960784 99.9709212 99.8802159 100.0 100.0229041 99.8693578 100.9960784 100 100 100 100 100 100 100 100 100 100 100 100 100 100 100 100 100 100
99.9983882 99.8585714 100.027451 99.9464324 100.0000664 100.9764706 99.9173629 100.1823981 100.0 99.9372325 100.0407933 100.9647059 100.0566117 99.9999895 100.0 100.0857 100.1634102 100.9647059 100.0964021 100.3265802 100.9372549 100.0000405 100.3293226 100.9372549 99.9617271 100.3266077 100.9294118 100 100 100 100 100 100 100.041295 100.3293235 100.9372549 100 100 100 100 100 100 99.9847081 99.8450988 100.0352941 100.0076096 99.8422914 100.0352941 99.9708824 99.8776766 100.0352941 100.0228676 99.8667494 100.027451 100 100 100 100 100 100 100 100 100 100 100 100 100 100 100 100 100 100
99.9984047 99.8583655 100.0392157 99.9464406 100.0025171 100.9882353 99.9173238 100.1794973 100.0 99.9372449 100.0298316 100.9960784 100.0580956 100.0025105 100.0 100.0856973 100.168557 100.9764706 100.0964453 100.3264443 100.9490196 100.0000601 100.3318715 100.9490196 99.9617435 100.3291593 100.9490196 100 100 100 100 100 100 100.041316 100.3345545 100.9490196 100 100 100 100 100 100 99.9861248 99.8475287 100.0470588 100.0076336 99.8447245 100.0470588 99.970869 99.8801573 100.0470588 100.0228822 99.8692282 100.0313725 100 100 100 100 100 100 100 100 100 100 100 100 100 100 100 100 100 100
99.9984334 99.8532146 100.0078431 99.9479173 100.0000462 100.972549 99.91586 100.1769217 100.9843137 99.9372062 100.0300243 100.9647059 100.0566291 99.9999856 100.0 100.0857091 100.166041 100.945098 100.0964469 100.3239819 100.9176471 100.0000197 100.3293518 100.9176471 99.9617078 100.3266088 100.9098039 100 100 100 100 100 100 100.0412906 100.3320705 100.9176471 100 100 100 100 100 100 99.9861441 99.8449933 100.0078431 100.0076683 99.8421771 100.0078431 99.9708749 99.8776222 100.0156863 100.022912 99.8667102 100.0 100 100 100 100 100 100 100 100 100 100 100 100 100 100 100 100 100 100
99.9984852 99.8531837 100.0470588 99.946427 100.0000476 100.0078431 99.9173547 100.1796355 100.027451 99.9371931 100.0300231 100.0 100.056658 99.9999855 100.0 100.085698 100.1661062 100.9843137 100.0964657 100.3239692 100.9568627 100.0000585 100.3293641 100.9490196 99.9617455 100.3266407 100.9568627 100 100 100 100 100 100 100.0413564 100.3320293 100.9490196 100 100 100 100 100 100 99.9862009 99.844958 100.0470588 100.0091599 99.8421563 100.0470588 99.970939 99.874897 100.054902 100.0229613 99.8667135 100.0470588 100 100 100 100 100 100 100 100 100 100 100 100 100 100 100 100 100 100
99.9985045 99.8557927 100.0196078 99.9479238 100.0000813 100.9568627 99.9158787 100.1877429 100.9843137 99.9341552 100.0436545 100.9686275 100.0566521 99.9999734 100.0 100.0856716 100.1686939 100.9568627 100.0964571 100.3265676 100.9294118 100.0000097 100.3320074 100.9215686 99.9616994 100.3292835 100.9294118 100 100 100 100 100 100 100.039779 100.3347163 100.9215686 100 100 100 100 100 100 99.9862291 99.8449525 100.0196078 100.0091875 99.8421996 100.0196078 99.9723973 99.8748752 100.027451 100.022947 99.866698 100.0117647 100 100 100 100 100 100 100 100 100 100 100 100 100 100 100 100 100 100
99.9984756 99.8557434 100.0078431 99.9493771 100.0000608 100.9372549 99.9188252 100.1930976 100.9647059 99.9265268 100.0679785 100.9294118 100.058054 99.9999181 100.0 100.0856448 100.1659859 100.9568627 100.0963729 100.3292065 100.9176471 99.9999918 100.3292293 100.9176471 99.9616639 100.3265173 100.9098039 100 100 100 100 100 100 100.0412579 100.3319302 100.9176471 100 100 100 100 100 100 99.9862123 99.8448725 100.0078431 100.0105888 99.8421608 100.0078431 99.9723452 99.8748088 100.0156863 100.0229323 99.866709 100.0 100 100 100 100 100 100 100 100 100 100 100 100 100 100 100 100 100 100
99.9985197 99.8558544 100.0078431 99.9463848 99.9974929 100.9176471 99.9203762 100.193315 100.9647059 99.9264747 100.0844105 100.9294118 100.0581039 100.0000197 100.0 100.0856889 100.1687384 100.9568627 100.0963916 100.3266558 100.9294118 100.0000093 100.3293164 100.9294118 99.9616786 100.3239571 100.9176471 100 100 100 100 100 100 100.041292 100.3293629 100.9294118 100 100 100 100 100 100 99.9862608 99.8449847 100.0078431 100.0106175 99.8422848 100.0078431 99.9723933 99.8749384 100.0156863 100.0229678 99.8668159 100.0 100 100 100 100 100 100 100 100 100 100 100 100 100 100 100 100 100 100
99.9999938 99.8557667 100.0392157 99.9403378 100.0000309 100.0196078 99.9219954 100.1931634 100.9960784 99.9220141 100.1062061 100.9490196 100.0582006 99.9999647 100.0 100.0857356 100.1686806 100.9686275 100.0964547 100.3266521 100.9490196 100.0000642 100.3293083 100.9490196 99.9617415 100.3265901 100.9607843 100 100 100 100 100 100 100.0398652 100.3346757 100.9490196 100 100 100 100 100 100 99.9863519 99.8449074 100.0392157 100.0107131 99.8421818 100.0392157 99.9724741 99.8748525 100.0470588 100.0230555 99.8667219 100.0313725 100 100 100 100 100 100 100 100 100 100 100 100 100 100 100 100 100 100
100.0014386 99.8557448 100.0196078 99.9402673 99.9999683 100.9960784 99.9249116 100.1931201 100.9568627 99.9173172 100.1305505 100.9215686 100.0596025 100.0000079 100.0 100.087171 100.1686823 100.9686275 100.0979075 100.3292042 100.9411765 100.0014871 100.3319397 100.9294118 99.9617128 100.329216 100.9294118 100 100 100 100 100 100 100.0412948 100.33467 100.9294118 100 100 100 100 100 100 99.9891749 99.8448508 100.0196078 100.0121714 99.8421427 100.0196078 99.9739322 99.874816 100.027451 100.024505 99.866663 100.0117647 100 100 100 100 100 100 100 100 100 100 100 100 100 100 100 100 100 100
100.0014623 99.8531719 100.0196078 99.94026 99.999964 100.0 99.9218835 100.1931947 100.9019608 99.9111418 100.1686622 100.8941176 100.0596153 100.0000324 100.0 100.0871547 100.1713537 100.9568627 100.0978996 100.3265744 100.9294118 100.001511 100.32932 100.9294118 99.9631801 100.3292653 100.9294118 100 100 100 100 100 100 100.0427786 100.3320335 100.9215686 100 100 100 100 100 100 99.9891945 99.844833 100.027451 100.0121872 99.8422151 100.0196078 99.9739197 99.874859 100.027451 100.0244939 99.8667293 100.0117647 100 100 100 100 100 100 100 100 100 100 100 100 100 100 100 100 100 100
100.0000631 99.8531424 100.0 99.9388704 99.997457 100.9843137 99.9235081 100.1496612 100.9764706 99.9128592 100.2041821 100.8745098 100.058208 100.0000281 100.0 100.0857412 100.1713861 100.9294118 100.0964724 100.3266368 100.9098039 100.0000875 100.3265973 100.9098039 99.9617782 100.3238432 100.9098039 100 100 100 100 100 100 100.0413607 100.32664 100.9098039 100 100 100 100 100 100 99.9877899 99.8448427 100.0 100.0107926 99.8422224 100.0 99.972504 99.8749041 100.0078431 100.024481 99.8668016 100.0 100 100 100 100 100 100 100 100 100 100 100 100 100 100 100 100 100 100
100.0014715 99.8531511 100.0 99.940278 99.997454 100.9843137 99.9249243 100.1524034 100.9764706 99.9096203 100.2394493 100.8823529 100.05962 100.0000654 100.0 100.0871527 100.1687369 100.9568627 100.0978842 100.3266474 100.9098039 100.0014752 100.3266363 100.9098039 99.9631616 100.323932 100.9098039 100 100 100 100 100 100 100.0412719 100.3266485 100.9098039 100 100 100 100 100 100 99.9892006 99.8448469 100.0 100.0121935 99.8422242 100.0 99.9739214 99.8749313 100.0078431 100.0258867 99.8667264 100.9960784 100 100 100 100 100 100 100 100 100 100 100 100 100 100 100 100 100 100
100.0015117 99.8531738 100.0078431 99.9402746 99.9974763 100.9921569 99.9248937 100.1525108 100.9921569 99.911137 100.2586022 100.8823529 100.0596027 100.0000504 100.0 100.0857171 100.1687901 100.945098 100.0978864 100.3266646 100.9176471 100.0015022 100.3293326 100.9176471 99.9631819 100.3266056 100.9098039 100 100 100 100 100 100 100.0427872 100.3293851 100.9176471 100 100 100 100 100 100 99.9892274 99.8448493 100.0078431 100.012227 99.8422478 100.0078431 99.9739143 99.8749631 100.0156863 100.0258963 99.8667525 100.0 100 100 100 100 100 100 100 100 100 100 100 100 100 100 100 100 100 100
100.001513 99.8531523 100.0470588 99.9402671 99.9974737 100.027451 99.9249058 100.1551789 100.0196078 99.9111734 100.2912814 100.9411765 100.0595915 100.0000456 100.0 100.0857008 100.1687579 100.9843137 100.0978573 100.3267732 100.9568627 100.0015125 100.3293518 100.9568627 99.9632148 100.3266494 100.9568627 100 100 100 100 100 100 100.0428145 100.3293735 100.9568627 100 100 100 100 100 100 99.9892256 99.8423347 100.0470588 100.012241 99.8422032 100.0470588 99.9738942 99.872283 100.054902 100.0259064 99.8667397 100.0392157 100 100 100 100 100 100 100 100 100 100 100 100 100 100 100 100 100 100
100.0015168 99.8556285 100.0392157 99.9402755 99.9999605 100.0196078 99.9249146 100.1578081 100.0117647 99.9111701 100.3046357 100.9490196 100.0595931 100.0025269 100.9960784 100.0856953 100.1658205 100.9764706 100.0978332 100.3264627 100.9490196 100.0015268 100.3373138 100.9490196 99.9632044 100.3345601 100.9333333 100 100 100 100 100 100 100.0443511 100.3399961 100.9490196 100 100 100 100 100 100 99.9892287 99.8448038 100.0392157 100.0122331 99.844678 100.0392157 99.9738935 99.8748035 100.0470588 100.0245003 99.8691411 100.0313725 100 100 100 100 100 100 100 100 100 100 100 100 100 100 100 100 100 100
100.0015201 99.8530612 100.0 99.9402529 99.9999486 100.0 99.9249152 100.1604262 100.9843137 99.9111425 100.3182235 100.9176471 100.0596061 100.002537 100.0 100.0857101 100.1712371 100.945098 100.0978268 100.3292096 100.9176471 100.0014998 100.334602 100.9176471 99.963168 100.3319038 100.9176471 100 100 100 100 100 100 100.0443237 100.3345893 100.9176471 100 100 100 100 100 100 99.9892319 99.8447954 100.0078431 100.0122344 99.8420856 100.0078431 99.9738854 99.8747388 100.0156863 100.0259037 99.86913 100.0 100 100 100 100 100 100 100 100 100 100 100 100 100 100 100 100 100 100
100.001518 99.853046 100.0117647 99.9402636 99.9999778 100.0117647 99.9234258 100.1631815 100.9843137 99.9050799 100.3291921 100.9411765 100.0596025 100.0025332 100.0 100.0856934 100.1686427 100.9490196 100.0978423 100.3292021 100.9411765 100.0015416 100.3319077 100.9294118 99.963211 100.3291682 100.9294118 100 100 100 100 100 100 100.0443341 100.3345921 100.9294118 100 100 100 100 100 100 99.9892169 99.8447823 100.0196078 100.0122372 99.8420711 100.0196078 99.9738992 99.8747637 100.0196078 100.0245132 99.8666292 100.0117647 100 100 100 100 100 100 100 100 100 100 100 100 100 100 100 100 100 100
100.0015143 99.8530576 100.0078431 99.9402575 99.9999915 100.9921569 99.9234457 100.1659463 100.9843137 99.905067 100.3346073 100.9294118 100.05961 100.0000213 100.0 100.0856962 100.1632139 100.945098 100.0978382 100.3292868 100.9294118 100.0015457 100.3319547 100.9176471 99.9632352 100.3319105 100.9176471 100 100 100 100 100 100 100.0428164 100.3346283 100.9176471 100 100 100 100 100 100 99.989201 99.8448063 100.0078431 100.0122174 99.83942 100.0078431 99.9738859 99.8747645 100.0078431 100.024518 99.8665933 100.0 100 100 100 100 100 100 100 100 100 100 100 100 100 100 100 100 100 100
100.0015071 99.8530797 100.0392157 99.9402738 99.9999855 100.0196078 99.9234304 100.1659451 100.0117647 99.9050676 100.3401015 100.9607843 100.0581359 100.0000223 100.0 100.0857146 100.1605426 100.9882353 100.097865 100.3265141 100.9490196 100.0015553 100.3292378 100.9490196 99.9632245 100.3291802 100.9490196 100 100 100 100 100 100 100.0428326 100.3292341 100.9490196 100 100 100 100 100 100 99.989215 99.8448226 100.0392157 100.0122113 99.8394457 100.0392157 99.9724472 99.8747818 100.0470588 100.0245243 99.866541 100.0313725 100 100 100 100 100 100 100 100 100 100 100 100 100 100 100 100 100 100
100.0014873 99.8530512 100.0078431 99.9402621 99.9999913 100.9921569 99.9204303 100.1713826 100.9843137 99.903637 100.3483597 100.9294118 100.0581295 100.0000016 100.0 100.0872007 100.1686602 100.9372549 100.097908 100.3292308 100.9176471 100.0015536 100.3346775 100.9098039 99.9632009 100.3319843 100.9098039 100 100 100 100 100 100 100.0443544 100.3346818 100.9098039 100 100 100 100 100 100 99.9878132 99.844789 100.0078431 100.0121921 99.8393954 100.0078431 99.9724481 99.8747838 100.0156863 100.0245108 99.8666085 100.0 100 100 100 100 100 100 100 100 100 100 100 100 100 100 100 100 100 100
100.0014906 99.8530338 100.0392157 99.9402645 99.9999982 100.0196078 99.9204098 100.1714458 100.0078431 99.9036209 100.3509571 100.9764706 100.0581434 100.000012 100.0 100.0857665 100.1659799 100.9843137 100.0979467 100.3292471 100.9568627 100.0015641 100.3346878 100.9490196 99.9631961 100.3319559 100.9568627 100 100 100 100 100 100 100.0443795 100.3373923 100.9490196 100 100 100 100 100 100 99.9878057 99.842219 100.0470588 100.012183 99.8367822 100.0470588 99.97243 99.8722647 100.0470588 100.0245037 99.8666133 100.0392157 100 100 100 100 100 100 100 100 100 100 100 100 100 100 100 100 100 100
100.0014991 99.8530275 100.0117647 99.9402631 100.0000035 100.9960784 99.9204286 100.1714413 100.9843137 99.9036058 100.3510103 100.9411765 100.0581576 99.9999972 100.0 100.085791 100.1606072 100.9568627 100.097916 100.3292241 100.9294118 100.0016037 100.3346639 100.9294118 99.9632386 100.3319669 100.9215686 100 100 100 100 100 100 100.0443876 100.3346853 100.9294118 100 100 100 100 100 100 99.9878163 99.842225 100.0196078 100.0121953 99.8367666 100.0196078 99.9724513 99.8722021 100.0196078 100.0245053 99.8667231 100.0117647 100 100 100 100 100 100 100 100 100 100 100 100 100 100 100 100 100 100
100.0000746 99.8530341 100.0196078 99.9388346 100.0000317 100.0 99.9204195 100.1713608 100.9843137 99.9035831 100.3483728 100.9568627 100.0581779 99.9999572 100.0 100.087215 100.1686924 100.9647059 100.0979242 100.3292845 100.9372549 100.0015227 100.3373954 100.9372549 99.9617118 100.3320158 100.9294118 100 100 100 100 100 100 100.0413575 100.3374154 100.9372549 100 100 100 100 100 100 99.9877692 99.8422388 100.027451 100.0107464 99.8367443 100.027451 99.9724279 99.8722146 100.027451 100.0244849 99.866711 100.0078431 100 100 100 100 100 100 100 100 100 100 100 100 100 100 100 100 100 100
100.0000354 99.8505181 100.0196078 99.9402419 100.0000271 100.0196078 99.920378 100.1687712 100.9921569 99.9035624 100.3483973 100.9568627 100.0596283 99.9999869 100.0 100.0872039 100.1659696 100.9647059 100.0979393 100.3265564 100.9372549 100.0015182 100.3292963 100.9294118 99.9631824 100.3265818 100.9372549 100 100 100 100 100 100 100.0428165 100.3293055 100.9294118 100 100 100 100 100 100 99.9877272 99.8422297 100.027451 100.0107068 99.8367194 100.027451 99.9724 99.8722439 100.0352941 100.024456 99.8667124 100.0196078 100 100 100 100 100 100 100 100 100 100 100 100 100 100 100 100 100 100
99.999991 99.8504803 100.0313725 99.9388201 100.0000843 100.0196078 99.9203875 100.1740747 100.0 99.9035862 100.3483338 100.9607843 100.0596513 99.999947 100.0 100.0872403 100.1606668 100.9764706 100.0979455 100.3265895 100.9411765 100.0015241 100.3293599 100.9411765 99.9617448 100.3293216 100.9411765 100 100 100 100 100 100 100.041332 100.3293507 100.9411765 100 100 100 100 100 100 99.9877185 99.8422061 100.0392157 100.0106423 99.8341119 100.0392157 99.9723962 99.8722908 100.0392157 100.024427 99.8667029 100.0313725 100 100 100 100 100 100 100 100 100 100 100 100 100 100 100 100 100 100
