99.9970123 99.8531964 100.0313725 99.9388469 100.0000827 100.0392157 99.91746 100.163397 100.0117647 99.8914977 100.3402086 100.9607843 100.0566932 99.9973958 100.0 100.0858547 100.1579976 100.9764706 100.0964668 100.3293109 100.9411765 100.0000352 100.3320309 100.9411765 99.9587346 100.3293499 100.9490196 100 100 100 100 100 100 100.0383893 100.3347547 100.9411765 100 100 100 100 100 100 99.9832677 99.8449422 100.0392157 100.0046504 99.8368014 100.0392157 99.9664319 99.872253 100.0470588 100.0215294 99.8613587 100.0196078 100 100 100 100 100 100 100 100 100 100 100 100 100 100 100 100 100 100
99.996955 99.8531175 100.9960784 99.9402934 100.0001355 100.9960784 99.9204267 100.168737 100.9764706 99.8913082 100.3103325 100.9372549 100.0551379 99.9973125 100.0 100.087306 100.1579452 100.9372549 100.0979292 100.3266157 100.9098039 100.0014636 100.3265827 100.9098039 99.9571844 100.3265113 100.9019608 100 100 100 100 100 100 100.0398421 100.3265857 100.9098039 100 100 100 100 100 100 99.9846943 99.844883 100.0 100.0046225 99.8367527 100.0 99.9678671 99.8722015 100.0078431 100.0214369 99.8612987 100.9843137 100 100 100 100 100 100 100 100 100 100 100 100 100 100 100 100 100 100
99.9954301 99.8531261 100.0 99.9402743 100.0026649 100.0 99.9219286 100.1713875 100.9843137 99.891298 100.2911551 100.9372549 100.0551361 99.9972835 100.0 100.087311 100.1605305 100.9372549 100.0979424 100.3291935 100.9176471 100.0015217 100.3346966 100.9098039 99.9601904 100.3293214 100.9176471 100 100 100 100 100 100 100.0413309 100.3347007 100.9098039 100 100 100 100 100 100 99.9831909 99.8448638 100.0078431 100.0045912 99.836802 100.0078431 99.9678432 99.8721659 100.0156863 100.0214429 99.8639202 100.0 100 100 100 100 100 100 100 100 100 100 100 100 100 100 100 100 100 100
99.9954272 99.8530846 100.0117647 99.9402897 100.0026799 100.0 99.9219815 100.1686822 100.9960784 99.8898486 100.2721001 100.9411765 100.0551192 99.9972557 100.0 100.0873236 100.1552063 100.9568627 100.0979503 100.3264979 100.9294118 100.0014993 100.3292106 100.9215686 99.9586976 100.3265121 100.9215686 100 100 100 100 100 100 100.0398522 100.3292292 100.9215686 100 100 100 100 100 100 99.9831694 99.8448762 100.0196078 100.0031788 99.8367457 100.0117647 99.9664336 99.8721879 100.027451 100.0199198 99.8612621 100.0 100 100 100 100 100 100 100 100 100 100 100 100 100 100 100 100 100 100
99.9938622 99.853072 100.0 99.9403221 100.0027545 100.0 99.9280138 100.1741189 100.9843137 99.8882557 100.214959 100.9176471 100.0551178 99.9971674 100.0 100.0902438 100.1578011 100.9568627 100.099445 100.3265238 100.9176471 100.0030184 100.326546 100.9176471 99.9617237 100.3238169 100.9098039 100 100 100 100 100 100 100.0413476 100.3291933 100.9098039 100 100 100 100 100 100 99.98163 99.8448858 100.0078431 100.0045706 99.8367864 100.0078431 99.9678521 99.8721222 100.0156863 100.0198644 99.8638985 100.0 100 100 100 100 100 100 100 100 100 100 100 100 100 100 100 100 100 100
99.992424 99.8530959 100.0196078 99.9403127 100.0027754 100.0196078 99.9280264 100.1796069 100.9921569 99.880669 100.1740253 100.8941176 100.0551301 99.9945638 100.0 100.0902588 100.15519 100.9568627 100.0994726 100.3264896 100.9294118 100.0030432 100.329212 100.9294118 99.9602454 100.3265346 100.9294118 100 100 100 100 100 100 100.0414041 100.3292459 100.9294118 100 100 100 100 100 100 99.9801816 99.8449488 100.027451 100.0045546 99.8394583 100.0196078 99.9678355 99.8721674 100.0352941 100.018406 99.8639518 100.0078431 100 100 100 100 100 100 100 100 100 100 100 100 100 100 100 100 100 100
99.9938907 99.8530871 100.0 99.9417811 100.002808 100.9921569 99.9280595 100.1904644 100.9568627 99.8928617 100.1305207 100.8901961 100.0566311 99.9945086 100.0 100.0917719 100.155207 100.9294118 100.1009763 100.326462 100.9098039 100.0045715 100.3265015 100.9098039 99.9632844 100.3238051 100.9098039 100 100 100 100 100 100 100.0429099 100.3265054 100.9098039 100 100 100 100 100 100 99.9816481 99.8449451 100.0078431 100.0046309 99.8367987 100.0 99.9693159 99.8721832 100.0156863 100.0198821 99.8612127 100.0 100 100 100 100 100 100 100 100 100 100 100 100 100 100 100 100 100 100
99.995374 99.8530368 100.0117647 99.9418159 100.002813 100.9960784 99.9249728 100.1904299 100.9490196 99.9066513 100.0679978 100.9411765 100.0581388 99.9918453 100.0 100.0918831 100.1551578 100.9568627 100.102523 100.3238487 100.9294118 100.006109 100.3265372 100.9294118 99.9647864 100.3264848 100.9294118 100 100 100 100 100 100 100.0444411 100.323845 100.9294118 100 100 100 100 100 100 99.9831182 99.8449536 100.0196078 100.0061055 99.8367645 100.0196078 99.9694201 99.8722752 100.0196078 100.0199286 99.8612159 100.0 100 100 100 100 100 100 100 100 100 100 100 100 100 100 100 100 100 100
99.9953398 99.853074 100.0078431 99.9433564 100.0028334 100.0 99.9234587 100.1932117 100.9843137 99.9112468 100.059849 100.9490196 100.0581234 99.9918421 100.0 100.0918872 100.1551393 100.9568627 100.1025167 100.3264239 100.9372549 100.006117 100.323788 100.9372549 99.9663303 100.3183996 100.9215686 100 100 100 100 100 100 100.0458861 100.3211025 100.9372549 100 100 100 100 100 100 99.9830745 99.8449729 100.027451 100.0060641 99.8367606 100.027451 99.9694002 99.8748041 100.0352941 100.0198973 99.8585143 100.0078431 100 100 100 100 100 100 100 100 100 100 100 100 100 100 100 100 100 100
99.9938079 99.8531225 100.0117647 99.9433159 100.0027952 100.9960784 99.9219209 100.1932195 100.9843137 99.917282 100.0464649 100.9490196 100.0565917 99.9918711 100.0 100.0903275 100.1551634 100.9490196 100.1009921 100.3239076 100.9294118 100.004615 100.3293034 100.9215686 99.9647725 100.3266348 100.9294118 100 100 100 100 100 100 100.0443608 100.3266226 100.9294118 100 100 100 100 100 100 99.9801538 99.8449874 100.027451 100.00452 99.8367805 100.0117647 99.967855 99.8723213 100.027451 100.0183496 99.858556 100.0117647 100 100 100 100 100 100 100 100 100 100 100 100 100 100 100 100 100 100
99.9923137 99.8505954 100.0117647 99.941885 100.0027616 100.9843137 99.9189739 100.1905939 100.9764706 99.917369 100.043528 100.9568627 100.0536482 99.9919524 100.0117647 100.0888051 100.1551228 100.9568627 100.0994537 100.3265543 100.9294118 100.0030704 100.3293125 100.9294118 99.9602334 100.3266139 100.9215686 100 100 100 100 100 100 100.042839 100.3293148 100.9294118 100 100 100 100 100 100 99.9800371 99.8449969 100.0196078 100.0030132 99.8341658 100.0196078 99.96636 99.8723615 100.0196078 100.0168483 99.8559484 100.0117647 100 100 100 100 100 100 100 100 100 100 100 100 100 100 100 100 100 100
99.9923572 99.8505659 100.0196078 99.941846 100.0027455 100.0078431 99.9204574 100.1932162 100.9843137 99.9158057 100.0517508 100.9568627 100.0536643 99.9946028 100.0078431 100.0887816 100.1551653 100.9568627 100.0994744 100.3264797 100.9372549 100.0030674 100.3293034 100.9294118 99.9602534 100.3266181 100.9372549 100 100 100 100 100 100 100.0428536 100.3293327 100.9294118 100 100 100 100 100 100 99.9800911 99.8449816 100.027451 100.0030593 99.8341288 100.0196078 99.9663874 99.8723033 100.0352941 100.0169189 99.8558783 100.0078431 100 100 100 100 100 100 100 100 100 100 100 100 100 100 100 100 100 100
99.9953962 99.8505275 100.9882353 99.9433387 100.0027412 100.9764706 99.9234955 100.193246 100.9294118 99.9112442 100.0625203 100.9137255 100.0581269 99.9972009 100.0 100.0918434 100.1552646 100.9294118 100.1025174 100.3265851 100.8941176 100.0060515 100.3292705 100.8941176 99.9632375 100.32657 100.8941176 100 100 100 100 100 100 100.0443923 100.3292944 100.8941176 100 100 100 100 100 100 99.9831324 99.8449018 100.0 100.0061123 99.8340945 100.9960784 99.9694136 99.8722236 100.0 100.0199386 99.8584919 100.9764706 100 100 100 100 100 100 100 100 100 100 100 100 100 100 100 100 100 100
99.99394 99.853102 100.0117647 99.940348 100.0027127 100.0 99.923481 100.1932149 100.9686275 99.906656 100.0735366 100.9294118 100.0566429 99.9972436 100.0 100.0903364 100.157871 100.9686275 100.1009974 100.3266109 100.9294118 100.0045814 100.3265326 100.9294118 99.9632999 100.3238385 100.9215686 100 100 100 100 100 100 100.0428988 100.3238644 100.9294118 100 100 100 100 100 100 99.9816827 99.8449664 100.027451 100.0046524 99.8367697 100.0117647 99.9693438 99.8722355 100.027451 100.019898 99.858557 100.0 100 100 100 100 100 100 100 100 100 100 100 100 100 100 100 100 100 100
99.9938305 99.8530879 100.0117647 99.9417612 100.0026622 100.0 99.9204009 100.1850591 100.9490196 99.8943724 100.1115292 100.8941176 100.0551304 99.9972869 100.0 100.0902198 100.1605178 100.9490196 100.0994401 100.3291739 100.9215686 100.0030145 100.3292207 100.9215686 99.9616982 100.3265155 100.9294118 100 100 100 100 100 100 100.0428102 100.3292435 100.9215686 100 100 100 100 100 100 99.9801696 99.8449421 100.027451 100.0045325 99.8367663 100.0196078 99.9678385 99.872159 100.027451 100.0198689 99.8585246 100.0117647 100 100 100 100 100 100 100 100 100 100 100 100 100 100 100 100 100 100
99.9923991 99.8531442 100.0117647 99.9402826 100.0001431 100.0 99.91891 100.182418 100.9411765 99.8867522 100.1496012 100.8862745 100.0551347 99.9973406 100.0 100.0873364 100.1579194 100.9568627 100.0979488 100.3292191 100.9215686 100.0015336 100.3265739 100.9215686 99.9602234 100.3238511 100.9294118 100 100 100 100 100 100 100.0398838 100.3265995 100.9215686 100 100 100 100 100 100 99.9801523 99.8449722 100.0196078 100.0030882 99.8394554 100.0196078 99.9663988 99.8722213 100.027451 100.0184139 99.8585717 100.0117647 100 100 100 100 100 100 100 100 100 100 100 100 100 100 100 100 100 100
99.9938752 99.8531353 100.0117647 99.940278 100.0001052 100.0 99.9249753 100.1740484 100.9843137 99.8882662 100.1960385 100.8745098 100.056623 99.999904 100.0 100.0873225 100.1579405 100.9568627 100.0979327 100.326603 100.9294118 100.0015138 100.3292264 100.9294118 99.9601962 100.326493 100.9294118 100 100 100 100 100 100 100.0398637 100.3292766 100.9294118 100 100 100 100 100 100 99.9801748 99.8449426 100.027451 100.003118 99.836825 100.0196078 99.9664237 99.872209 100.027451 100.0199058 99.8612269 100.0 100 100 100 100 100 100 100 100 100 100 100 100 100 100 100 100 100 100
99.9969498 99.8531572 100.0117647 99.9403167 100.000054 100.0 99.9234399 100.1552122 100.9960784 99.8929028 100.2584864 100.9215686 100.0566208 99.9999805 100.0 100.0872897 100.1605755 100.9568627 100.0979076 100.3266072 100.9215686 99.9999812 100.3265674 100.9215686 99.9571343 100.3238531 100.9215686 100 100 100 100 100 100 100.0397857 100.3265993 100.9215686 100 100 100 100 100 100 99.9846896 99.8448882 100.0196078 100.0046296 99.8367985 100.0196078 99.967884 99.8721596 100.027451 100.0244162 99.8639644 100.0117647 100 100 100 100 100 100 100 100 100 100 100 100 100 100 100 100 100 100
99.9984489 99.8531485 100.0 99.9403128 100.000059 100.9921569 99.9249591 100.1552295 100.972549 99.8959281 100.269377 100.9176471 100.0566081 99.9999703 100.0 100.0872758 100.16056 100.945098 100.097912 100.3266223 100.9098039 100.001448 100.3265827 100.9098039 99.9571696 100.3265071 100.9098039 100 100 100 100 100 100 100.0398059 100.3265826 100.9098039 100 100 100 100 100 100 99.9862029 99.8448505 100.0078431 100.0061028 99.8367881 100.0078431 99.9693742 99.8721886 100.0156863 100.0244213 99.8638983 100.0 100 100 100 100 100 100 100 100 100 100 100 100 100 100 100 100 100 100
99.9984656 99.8531099 100.0117647 99.9402918 100.0000599 100.0 99.9265172 100.1606417 100.9960784 99.9034672 100.2694894 100.9411765 100.0566006 99.9999717 100.0 100.0872792 100.1633128 100.9764706 100.0979088 100.3265786 100.9294118 100.0014974 100.3292502 100.9215686 99.9601811 100.3265466 100.9294118 100 100 100 100 100 100 100.04128 100.3292698 100.9215686 100 100 100 100 100 100 99.9862235 99.8448431 100.027451 100.0060973 99.8367634 100.0196078 99.9693877 99.8721744 100.027451 100.0244216 99.8639144 100.0117647 100 100 100 100 100 100 100 100 100 100 100 100 100 100 100 100 100 100
99.9999553 99.8505027 100.0313725 99.9402713 100.000039 100.0117647 99.9281168 100.1713409 100.0 99.9051516 100.2640048 100.9607843 100.0566164 99.9999712 100.0 100.0872624 100.1605454 100.9686275 100.0979193 100.3265721 100.9411765 100.0015069 100.3292767 100.9411765 99.9601936 100.3265711 100.9411765 100 100 100 100 100 100 100.0398574 100.3319513 100.9411765 100 100 100 100 100 100 99.9877123 99.84222 100.0392157 100.0061523 99.8340814 100.0392157 99.9694114 99.8720677 100.0470588 100.0244748 99.8639067 100.0196078 100 100 100 100 100 100 100 100 100 100 100 100 100 100 100 100 100 100
99.999939 99.8530674 100.0 99.9402875 100.0000428 100.9921569 99.9281212 100.1606013 100.972549 99.9051606 100.2557066 100.9372549 100.0566092 99.9999779 100.0 100.0872662 100.1606095 100.945098 100.0979149 100.3291784 100.9098039 100.0014836 100.3264946 100.9176471 99.9602042 100.323766 100.9098039 100 100 100 100 100 100 100.0398121 100.3265167 100.9176471 100 100 100 100 100 100 99.9877 99.844806 100.0078431 100.0061443 99.8367346 100.0 99.9694177 99.8720562 100.0156863 100.0244839 99.8639013 100.9921569 100 100 100 100 100 100 100 100 100 100 100 100 100 100 100 100 100 100
99.9999374 99.8531618 100.0 99.9402863 100.0000774 100.9843137 99.928104 100.160558 100.9843137 99.9050662 100.2395312 100.9372549 100.0566139 99.9999609 100.0 100.0872673 100.1606009 100.945098 100.0979374 100.32662 100.9098039 100.0014984 100.3292647 100.9098039 99.9601847 100.3265497 100.9019608 100 100 100 100 100 100 100.0398457 100.3293073 100.9098039 100 100 100 100 100 100 99.9876914 99.8448284 100.0078431 100.0061394 99.8367831 100.0078431 99.9693841 99.8720824 100.0156863 100.0244648 99.8639173 100.9921569 100 100 100 100 100 100 100 100 100 100 100 100 100 100 100 100 100 100
99.9999332 99.8557509 100.0117647 99.9402791 100.0000775 100.9960784 99.9280684 100.1605405 100.9960784 99.9035606 100.2176787 100.9411765 100.0566073 99.9999362 100.0 100.0887028 100.1605703 100.9568627 100.0979488 100.3291726 100.9215686 100.0015126 100.3265036 100.9215686 99.9617041 100.3211183 100.9215686 100 100 100 100 100 100 100.0412871 100.3265108 100.9215686 100 100 100 100 100 100 99.9876825 99.8448672 100.0196078 100.0076135 99.839429 100.0196078 99.9693812 99.8720666 100.027451 100.0244576 99.8639566 100.0 100 100 100 100 100 100 100 100 100 100 100 100 100 100 100 100 100 100
99.9984675 99.8531764 100.054902 99.9402755 100.0000999 100.027451 99.9265188 100.1796263 100.9921569 99.8912846 100.1523216 100.9098039 100.0566226 99.999936 100.0 100.0886777 100.163265 100.9843137 100.0979479 100.3292401 100.9568627 100.0015599 100.329241 100.9568627 99.9616918 100.3265549 100.9568627 100 100 100 100 100 100 100.0413317 100.3292542 100.9568627 100 100 100 100 100 100 99.9862137 99.8448861 100.0627451 100.0061328 99.839469 100.054902 99.9693607 99.872145 100.0627451 100.024437 99.8665681 100.0470588 100 100 100 100 100 100 100 100 100 100 100 100 100 100 100 100 100 100
99.997037 99.8531905 100.0392157 99.9388597 100.0001126 100.0196078 99.9250444 100.1823105 100.9764706 99.8975502 100.1142904 100.9058824 100.0552055 99.9999377 100.0 100.0858564 100.1578816 100.9882353 100.0979708 100.3265383 100.9411765 100.0001161 100.3319762 100.9411765 99.9587801 100.3292726 100.9490196 100 100 100 100 100 100 100.0399066 100.331953 100.9411765 100 100 100 100 100 100 99.9847998 99.8449192 100.0392157 100.0047001 99.8394974 100.0392157 99.9679524 99.8721592 100.0470588 100.0230033 99.8666573 100.0313725 100 100 100 100 100 100 100 100 100 100 100 100 100 100 100 100 100 100
99.9969988 99.8531815 100.027451 99.9388464 100.0001262 100.0078431 99.9174238 100.1931459 100.9568627 99.9036242 100.0680129 100.9215686 100.056686 99.9999365 100.0 100.0872727 100.1579122 100.9647059 100.098011 100.3266042 100.9372549 100.0015796 100.3265414 100.9372549 99.961812 100.3238245 100.9294118 100 100 100 100 100 100 100.0413875 100.3265093 100.9372549 100 100 100 100 100 100 99.9847563 99.8449273 100.027451 100.0046487 99.8394881 100.027451 99.9679171 99.8721971 100.0352941 100.022966 99.8640113 100.0196078 100 100 100 100 100 100 100 100 100 100 100 100 100 100 100 100 100 100
99.9970202 99.8531689 100.0196078 99.9388774 100.0000985 100.0078431 99.9159659 100.1904419 100.9764706 99.9113008 100.0571245 100.9372549 100.0552063 99.9999252 100.0 100.0872905 100.160587 100.9647059 100.0980531 100.3265998 100.9372549 100.0015799 100.3292672 100.9294118 99.9617939 100.3265894 100.9294118 100 100 100 100 100 100 100.0414053 100.3292435 100.9294118 100 100 100 100 100 100 99.9847699 99.8449119 100.0352941 100.0046824 99.8395046 100.027451 99.9679371 99.8722553 100.0352941 100.0229884 99.8666613 100.0196078 100 100 100 100 100 100 100 100 100 100 100 100 100 100 100 100 100 100
99.9969924 99.8531506 100.0196078 99.9403647 100.0000579 100.0078431 99.9159055 100.1850341 100.9843137 99.9158183 100.0407902 100.9490196 100.0551791 99.9999574 100.0 100.0872852 100.1605776 100.9647059 100.0980059 100.3265291 100.9372549 100.0015762 100.3265275 100.9372549 99.9632548 100.3238154 100.9215686 100 100 100 100 100 100 100.0413855 100.3264937 100.9372549 100 100 100 100 100 100 99.9847469 99.8449039 100.027451 100.0046427 99.8394634 100.027451 99.9678966 99.8722218 100.0352941 100.0229532 99.8666495 100.0196078 100 100 100 100 100 100 100 100 100 100 100 100 100 100 100 100 100 100
99.9969141 99.8531183 100.0117647 99.9433434 100.0026227 100.0 99.9157904 100.1822997 100.9764706 99.9173572 100.0245298 100.9568627 100.0565784 99.999906 100.0 100.0871636 100.1578932 100.9490196 100.0979538 100.3265934 100.9294118 100.0014656 100.3264523 100.9294118 99.9631669 100.3210723 100.9215686 100 100 100 100 100 100 100.0398001 100.3238019 100.9294118 100 100 100 100 100 100 99.9846605 99.8448796 100.0196078 100.0045756 99.8394629 100.0196078 99.9678104 99.8747712 100.027451 100.0228641 99.8666037 100.0117647 100 100 100 100 100 100 100 100 100 100 100 100 100 100 100 100 100 100
99.9969007 99.8531068 100.0196078 99.9433771 100.0026297 100.0078431 99.915828 100.1823207 100.9764706 99.9188818 100.0271874 100.9764706 100.0550783 99.9999226 100.0 100.0871616 100.1605179 100.9568627 100.0979263 100.3264326 100.9372549 100.001501 100.3265256 100.9372549 99.9617378 100.323804 100.9294118 100 100 100 100 100 100 100.0413116 100.3264939 100.9372549 100 100 100 100 100 100 99.9846617 99.8448295 100.027451 100.0045532 99.8394136 100.027451 99.9678201 99.8721776 100.0352941 100.0228665 99.8665673 100.0196078 100 100 100 100 100 100 100 100 100 100 100 100 100 100 100 100 100 100
99.9969053 99.8531199 100.027451 99.9433673 100.0026277 100.0078431 99.9158505 100.1849653 100.9921569 99.9173842 100.032607 100.9764706 100.0550806 99.999902 100.0 100.0871927 100.1631895 100.9490196 100.0978742 100.3291109 100.9294118 100.0014947 100.3264791 100.9294118 99.9631811 100.3237471 100.9372549 100 100 100 100 100 100 100.0412932 100.3264605 100.9294118 100 100 100 100 100 100 99.9846636 99.8448917 100.0352941 100.004573 99.8394457 100.027451 99.9678378 99.8721489 100.0352941 100.0228963 99.8665396 100.0196078 100 100 100 100 100 100 100 100 100 100 100 100 100 100 100 100 100 100
99.9969516 99.8557175 100.0196078 99.9418498 100.0026229 100.0078431 99.917366 100.190433 100.9647059 99.9158607 100.046211 100.9568627 100.0551311 99.9999012 100.0 100.08722 100.1631849 100.9568627 100.0978927 100.3293068 100.9294118 100.0000438 100.329189 100.9294118 99.9602124 100.3264714 100.9372549 100 100 100 100 100 100 100.0398434 100.3292201 100.9294118 100 100 100 100 100 100 99.98471 99.8449259 100.0352941 100.0046235 99.8420889 100.027451 99.967886 99.8721135 100.0352941 100.0229466 99.8665496 100.0078431 100 100 100 100 100 100 100 100 100 100 100 100 100 100 100 100 100 100
99.9969972 99.8556825 100.9960784 99.9403155 100.0026298 100.9960784 99.917427 100.1930654 100.9490196 99.9127668 100.0678713 100.9215686 100.0566684 99.9998922 100.0 100.0872775 100.165895 100.9294118 100.0964731 100.3291876 100.9019608 100.0015282 100.3292499 100.9019608 99.9617513 100.3291631 100.8941176 100 100 100 100 100 100 100.039886 100.3292372 100.9019608 100 100 100 100 100 100 99.9847554 99.8448917 100.0078431 100.0046699 99.8420705 100.0 99.9679359 99.8721029 100.0078431 100.0230012 99.8665241 100.9960784 100 100 100 100 100 100 100 100 100 100 100 100 100 100 100 100 100 100
99.9970356 99.8557989 100.0196078 99.9388725 100.0026627 100.0 99.9189688 100.193127 100.9568627 99.9051586 100.073447 100.9294118 100.0567133 99.9998963 100.0 100.0873586 100.1632131 100.9490196 100.09796 100.329208 100.9294118 100.0001259 100.3292127 100.9294118 99.9602752 100.3264939 100.9215686 100 100 100 100 100 100 100.0398983 100.3291825 100.9294118 100 100 100 100 100 100 99.9847926 99.8474465 100.027451 100.0061733 99.8421519 100.0196078 99.9679781 99.872108 100.027451 100.0230415 99.8665763 100.0117647 100 100 100 100 100 100 100 100 100 100 100 100 100 100 100 100 100 100
99.9970177 99.8557559 100.0078431 99.9388639 100.0026379 100.9921569 99.9234888 100.1876714 100.9568627 99.9035748 100.1006001 100.9019608 100.056705 99.9998902 100.0 100.0873179 100.16325929999999 100.945098 100.0979561 100.3291663 100.9098039 100.0000615 100.3292323 100.9098039 99.9587036 100.326523 100.9098039 100 100 100 100 100 100 100.0398433 100.3292244 100.9098039 100 100 100 100 100 100 99.986222 99.8474378 100.0078431 100.006156 99.8421282 100.0078431 99.9694513 99.8720617 100.0156863 100.0230237 99.8666196 100.0 100 100 100 100 100 100 100 100 100 100 100 100 100 100 100 100 100 100
99.9984356 99.8557677 100.0117647 99.9402753 100.0026149 100.0117647 99.9234582 100.1796303 100.9490196 99.9005282 100.1304539 100.9019608 100.058155 99.9999043 100.0 100.0872888 100.1631791 100.9490196 100.0979074 100.3291423 100.9215686 100.0000465 100.3291572 100.9215686 99.9587008 100.3264385 100.9294118 100 100 100 100 100 100 100.0398383 100.3291655 100.9215686 100 100 100 100 100 100 99.986187 99.8474462 100.0196078 100.0061486 99.8421304 100.0196078 99.9694416 99.8721212 100.027451 100.024428 99.8666351 100.0 100 100 100 100 100 100 100 100 100 100 100 100 100 100 100 100 100 100
99.9984592 99.8557657 100.0078431 99.9402792 100.0025908 100.9921569 99.925049 100.1659259 100.9647059 99.8898716 100.1958663 100.854902 100.0581551 99.9999397 100.0 100.0872726 100.1605824 100.9372549 100.0979147 100.3291373 100.9176471 100.0000139 100.3265427 100.9176471 99.9571802 100.3264714 100.9098039 100 100 100 100 100 100 100.0398224 100.3265347 100.9176471 100 100 100 100 100 100 99.9862151 99.8474729 100.0078431 100.0061714 99.8421477 100.0156863 99.9709457 99.8721722 100.0156863 100.0244273 99.8692165 100.0 100 100 100 100 100 100 100 100 100 100 100 100 100 100 100 100 100 100
99.998494 99.8557723 100.0078431 99.9402787 100.0025727 100.9921569 99.9250295 100.1551662 100.9843137 99.895966 100.2422018 100.9098039 100.0566814 99.9999378 100.0 100.0873046 100.1632648 100.945098 100.097907 100.3291484 100.9098039 100.0000058 100.3264713 100.9098039 99.9586951 100.3237275 100.9176471 100 100 100 100 100 100 100.0397975 100.3265026 100.9098039 100 100 100 100 100 100 99.9862498 99.8474649 100.0156863 100.0076737 99.842149 100.0078431 99.9709721 99.8721949 100.0156863 100.0244396 99.8691915 100.0 100 100 100 100 100 100 100 100 100 100 100 100 100 100 100 100 100 100
99.9985101 99.8557803 100.0078431 99.9402899 100.0000826 100.9921569 99.9250492 100.1577621 100.972549 99.8959735 100.2584843 100.9098039 100.0566653 99.9999499 100.0 100.0872966 100.1632021 100.9372549 100.097917 100.32656 100.9098039 100.0000026 100.3292119 100.9098039 99.9556872 100.3264586 100.9098039 100 100 100 100 100 100 100.0383556 100.3292443 100.9098039 100 100 100 100 100 100 99.9862762 99.8474483 100.0156863 100.0077015 99.8421502 100.0156863 99.9724485 99.8721786 100.0156863 100.0244649 99.8692127 100.0 100 100 100 100 100 100 100 100 100 100 100 100 100 100 100 100 100 100
99.9985128 99.8557339 100.0196078 99.9402786 100.002559 100.0 99.9250358 100.1550379 100.9960784 99.8959479 100.261254 100.9215686 100.0566602 99.9999351 100.0 100.0872865 100.1632493 100.9490196 100.0964565 100.329172 100.9294118 100.0000239 100.3292172 100.9294118 99.9587192 100.3264759 100.9294118 100 100 100 100 100 100 100.0397984 100.3292152 100.9294118 100 100 100 100 100 100 99.9862633 99.847434 100.027451 100.0091823 99.8421686 100.0196078 99.972441 99.8721226 100.027451 100.0244629 99.869218 100.0117647 100 100 100 100 100 100 100 100 100 100 100 100 100 100 100 100 100 100
99.9999986 99.8557713 100.0078431 99.9388817 100.0000561 100.9921569 99.925097 100.1577741 100.972549 99.8929124 100.2394644 100.9176471 100.0551996 99.9999732 100.0 100.0873183 100.1605445 100.9372549 100.0979578 100.3291417 100.9098039 100.0000566 100.3264912 100.9098039 99.9587331 100.3237136 100.9098039 100 100 100 100 100 100 100.0398633 100.3264902 100.9098039 100 100 100 100 100 100 99.9877691 99.8474573 100.0078431 100.00927 99.8447624 100.0078431 99.9725188 99.8721586 100.0156863 100.024521 99.8693812 100.0 100 100 100 100 100 100 100 100 100 100 100 100 100 100 100 100 100 100
100.0000094 99.8557094 100.0 99.9388842 100.0025813 100.9843137 99.9265429 100.155063 100.9764706 99.8914225 100.2177278 100.9294118 100.0566975 99.9999406 100.0 100.0873225 100.1632089 100.9372549 100.0979745 100.3264951 100.9019608 100.0000597 100.3264637 100.9019608 99.9587376 100.3237409 100.9019608 100 100 100 100 100 100 100.0398581 100.3264592 100.9019608 100 100 100 100 100 100 99.9877763 99.8474258 100.0 100.0092911 99.8447513 100.0 99.9725264 99.8721699 100.0078431 100.0245285 99.8694195 100.9960784 100 100 100 100 100 100 100 100 100 100 100 100 100 100 100 100 100 100
99.9999997 99.8557439 100.0078431 99.9388854 100.0025685 100.9921569 99.9250986 100.1604986 100.972549 99.8914087 100.1930422 100.9372549 100.0552037 99.9999474 100.0 100.0873196 100.1604699 100.9294118 100.0980016 100.3290901 100.9098039 100.0000986 100.3291597 100.9098039 99.9587753 100.3264265 100.9098039 100 100 100 100 100 100 100.0398879 100.3291671 100.9098039 100 100 100 100 100 100 99.9877819 99.8474283 100.0078431 100.009283 99.8447642 100.0078431 99.9725347 99.8747305 100.0156863 100.0245314 99.8694252 100.0 100 100 100 100 100 100 100 100 100 100 100 100 100 100 100 100 100 100
99.9999957 99.855723 100.027451 99.9388813 100.0025852 100.0 99.9235682 100.1741391 100.9843137 99.8852872 100.1523206 100.6823529 100.0552023 99.9999217 100.0 100.0873546 100.1578307 100.9490196 100.0980216 100.3291075 100.9215686 100.0000865 100.3291148 100.9215686 99.9587372 100.3263917 100.9215686 100 100 100 100 100 100 100.0398985 100.3291319 100.9215686 100 100 100 100 100 100 99.9877872 99.847427 100.027451 100.0092804 99.8447913 100.027451 99.9725236 99.8747099 100.027451 100.0245327 99.8719337 100.0196078 100 100 100 100 100 100 100 100 100 100 100 100 100 100 100 100 100 100
100.0014413 99.858385 100.0470588 99.9402985 100.0025961 100.0196078 99.9219042 100.1768873 100.9764706 99.89589 100.067972 100.9137255 100.0566315 99.9999283 100.0 100.0887878 100.160485 100.9686275 100.0994376 100.3264361 100.9411765 100.0015087 100.3291497 100.9411765 99.958673 100.3264395 100.9411765 100 100 100 100 100 100 100.0413244 100.3291398 100.9411765 100 100 100 100 100 100 99.9892246 99.8474681 100.0392157 100.0107275 99.8448465 100.0470588 99.9739375 99.8747113 100.0470588 100.0259597 99.8719565 100.0392157 100 100 100 100 100 100 100 100 100 100 100 100 100 100 100 100 100 100
100.0000411 99.8583916 100.027451 99.9402905 100.0025948 100.0 99.9189483 100.1795542 100.9490196 99.903626 100.0488825 100.9137255 100.0566438 99.9999405 100.0 100.0887743 100.1577951 100.9490196 100.0994782 100.326455 100.9294118 100.0015425 100.3291127 100.9215686 99.958694 100.3264055 100.9215686 100 100 100 100 100 100 100.041345 100.3264519 100.9294118 100 100 100 100 100 100 99.9892381 99.8474942 100.0196078 100.0107271 99.8473815 100.027451 99.9739737 99.8747318 100.027451 100.025986 99.8719705 100.0196078 100 100 100 100 100 100 100 100 100 100 100 100 100 100 100 100 100 100
99.9984832 99.8558892 100.0196078 99.9418743 100.0001062 100.0 99.9158306 100.1742879 100.9686275 99.9158206 100.0192554 100.9411765 100.0551044 99.9974525 100.0 100.0872325 100.1606502 100.9568627 100.0978821 100.3239306 100.9215686 99.999944 100.3266866 100.9215686 99.9571231 100.3265835 100.9294118 100 100 100 100 100 100 100.0383111 100.326653 100.9215686 100 100 100 100 100 100 99.987659 99.8449912 100.027451 100.0091661 99.8448413 100.027451 99.9724101 99.8723171 100.027451 100.0244182 99.8694174 100.0196078 100 100 100 100 100 100 100 100 100 100 100 100 100 100 100 100 100 100
99.9998563 99.8531775 100.0196078 99.9463666 100.0001049 100.0117647 99.9157999 100.1742145 100.9686275 99.9173236 100.0189878 100.9686275 100.0550618 99.9974082 100.0 100.0871981 100.1578685 100.9490196 100.0978732 100.3239388 100.9215686 99.9999737 100.3265769 100.9215686 99.9586044 100.3238355 100.9215686 100 100 100 100 100 100 100.0397719 100.3265712 100.9215686 100 100 100 100 100 100 99.9876279 99.8449457 100.0196078 100.0091166 99.8422648 100.027451 99.9723788 99.8722861 100.027451 100.0243604 99.8693626 100.0196078 100 100 100 100 100 100 100 100 100 100 100 100 100 100 100 100 100 100
99.9984551 99.8558215 100.027451 99.944854 100.0000986 100.0196078 99.9158156 100.1742589 100.9764706 99.9234506 100.0163261 100.9843137 100.0550828 99.9974412 100.0 100.0872138 100.1606428 100.9568627 100.0979171 100.3265479 100.9294118 99.9999437 100.3320264 100.9294118 99.9570912 100.3266008 100.9294118 100 100 100 100 100 100 100.0397296 100.3320586 100.9294118 100 100 100 100 100 100 99.9876292 99.8449548 100.027451 100.0091197 99.8422956 100.0352941 99.972381 99.8748924 100.0352941 100.0243883 99.8694166 100.027451 100 100 100 100 100 100 100 100 100 100 100 100 100 100 100 100 100 100
99.9998661 99.8557791 100.0156863 99.9448535 100.0001117 100.9921569 99.9158129 100.1742443 100.9647059 99.9248866 100.0190248 100.972549 100.0565667 99.997409 100.0 100.0871718 100.1633202 100.9372549 100.0979114 100.3238589 100.9098039 99.9999372 100.3265033 100.9098039 99.9586303 100.3211204 100.9176471 100 100 100 100 100 100 100.0382713 100.3238493 100.9098039 100 100 100 100 100 100 99.987636 99.8449096 100.0078431 100.0091313 99.8422282 100.0156863 99.9723831 99.8722256 100.0156863 100.024377 99.8693562 100.0078431 100 100 100 100 100 100 100 100 100 100 100 100 100 100 100 100 100 100
99.9998782 99.8531843 100.027451 99.9448471 100.0000931 100.0 99.9158102 100.1743082 100.9764706 99.9188587 100.0191295 100.9764706 100.0565687 99.9974291 100.0117647 100.0871829 100.168655 100.9411765 100.0978852 100.3239155 100.9215686 99.9999048 100.326588 100.9215686 99.9570792 100.3238464 100.9215686 100 100 100 100 100 100 100.0382622 100.3292701 100.9215686 100 100 100 100 100 100 99.9876567 99.8449327 100.027451 100.0091426 99.842273 100.027451 99.9724009 99.8722463 100.027451 100.0243852 99.8693766 100.0196078 100 100 100 100 100 100 100 100 100 100 100 100 100 100 100 100 100 100
99.9999043 99.8558228 100.0 99.9433253 100.0001058 100.9882353 99.9158433 100.17696 100.9568627 99.9158549 100.0217993 100.9411765 100.0566081 99.9999206 100.0 100.0872034 100.1659811 100.9215686 100.0978833 100.3264963 100.8941176 99.999944 100.3238611 100.8941176 99.9586334 100.3210984 100.8941176 100 100 100 100 100 100 100.0397418 100.3265271 100.8941176 100 100 100 100 100 100 99.987679 99.8449418 100.0 100.0091721 99.8447875 100.0 99.9724094 99.8748245 100.0 100.0244234 99.8694422 100.9960784 100 100 100 100 100 100 100 100 100 100 100 100 100 100 100 100 100 100
99.9999849 99.8558628 100.0470588 99.9402956 100.000086 100.0313725 99.9174295 100.1796723 100.9686275 99.9082363 100.0381842 100.9607843 100.056693 99.9999448 100.0 100.0873066 100.1687014 100.9764706 100.0979422 100.3266118 100.9411765 100.0000094 100.3293446 100.9411765 99.9571808 100.3266033 100.9490196 100 100 100 100 100 100 100.0398206 100.3320371 100.9411765 100 100 100 100 100 100 99.98777 99.8449794 100.0392157 100.0092524 99.8448439 100.0470588 99.9725095 99.874874 100.0470588 100.024498 99.8694254 100.0392157 100 100 100 100 100 100 100 100 100 100 100 100 100 100 100 100 100 100
100.0000059 99.855883 100.027451 99.9388788 100.0001308 100.0078431 99.9189184 100.1796958 100.9647059 99.9036511 100.0490734 100.9490196 100.0581908 99.9974645 100.0 100.0872717 100.1633284 100.9568627 100.0979346 100.3239558 100.9294118 100.0000549 100.3265941 100.9294118 99.9587411 100.3239017 100.9372549 100 100 100 100 100 100 100.0398442 100.3265747 100.9294118 100 100 100 100 100 100 99.9877883 99.8450008 100.027451 100.0107216 99.8448598 100.027451 99.9739861 99.8749089 100.0352941 100.0245363 99.8694971 100.027451 100 100 100 100 100 100 100 100 100 100 100 100 100 100 100 100 100 100
100.0000066 99.8558423 100.0156863 99.9388786 100.0001492 100.0 99.9204801 100.1796952 100.945098 99.9021006 100.0626498 100.9294118 100.0567017 99.9974279 100.0078431 100.0873167 100.1659999 100.945098 100.0979467 100.3239109 100.9098039 100.0000138 100.3265645 100.9098039 99.9587171 100.3238587 100.9176471 100 100 100 100 100 100 100.03838 100.3265529 100.9098039 100 100 100 100 100 100 99.9877773 99.8449626 100.0156863 100.0107305 99.8448384 100.0156863 99.9725284 99.8748761 100.0156863 100.0245353 99.8694866 100.0078431 100 100 100 100 100 100 100 100 100 100 100 100 100 100 100 100 100 100
100.0000007 99.8558264 100.0352941 99.9388684 100.0001385 100.0196078 99.923474 100.1823673 100.9843137 99.89288 100.0844867 100.9215686 100.0581675 99.9974261 100.0078431 100.0873018 100.1633421 100.9647059 100.0979329 100.3239103 100.9372549 100.0000577 100.3265618 100.9372549 99.9587249 100.3238102 100.9294118 100 100 100 100 100 100 100.0398612 100.3265513 100.9372549 100 100 100 100 100 100 99.9877605 99.8449663 100.0352941 100.010724 99.844815 100.0352941 99.9739662 99.8748934 100.0352941 100.0245256 99.8694508 100.027451 100 100 100 100 100 100 100 100 100 100 100 100 100 100 100 100 100 100
99.9999929 99.8531806 100.0352941 99.9402884 100.0001324 100.0196078 99.9219731 100.1823233 100.9843137 99.8898644 100.1089019 100.9098039 100.0566858 99.9974234 100.0 100.0872904 100.1606055 100.9647059 100.0979588 100.326551 100.9372549 100.000009 100.3265661 100.9372549 99.9586833 100.3238551 100.9372549 100 100 100 100 100 100 100.0398153 100.3265675 100.9372549 100 100 100 100 100 100 99.987749 99.8449407 100.0352941 100.010706 99.8422821 100.0352941 99.9739454 99.8748524 100.0352941 100.0245068 99.8694574 100.027451 100 100 100 100 100 100 100 100 100 100 100 100 100 100 100 100 100 100
99.9999851 99.8531926 100.0156863 99.9402983 100.000116 100.9921569 99.9219589 100.1769955 100.9647059 99.8867478 100.1279406 100.8823529 100.0581556 99.9974271 100.0 100.0872959 100.1659821 100.945098 100.0979902 100.3265892 100.9176471 100.0000029 100.3265959 100.9176471 99.9586763 100.3238928 100.9098039 100 100 100 100 100 100 100.0383511 100.3266045 100.9176471 100 100 100 100 100 100 99.9877419 99.8449563 100.0156863 100.0107035 99.8422897 100.0156863 99.9739398 99.8748742 100.0156863 100.0245016 99.869411 100.0078431 100 100 100 100 100 100 100 100 100 100 100 100 100 100 100 100 100 100
99.9999799 99.853167 100.0156863 99.9402933 100.0001105 100.0078431 99.9250324 100.1687811 100.972549 99.8928823 100.1768866 100.9098039 100.0581452 99.9974133 100.0078431 100.0872908 100.1633334 100.945098 100.0979961 100.3265263 100.9176471 100.000052 100.326542 100.9176471 99.9617094 100.3238004 100.9098039 100 100 100 100 100 100 100.0398041 100.3265546 100.9176471 100 100 100 100 100 100 99.9877377 99.8449487 100.0156863 100.0106826 99.8447903 100.0156863 99.9724804 99.8748834 100.027451 100.0244784 99.8694391 100.0078431 100 100 100 100 100 100 100 100 100 100 100 100 100 100 100 100 100 100
100.0000018 99.8531658 100.0078431 99.9403089 100.0001216 100.9960784 99.9264926 100.163328 100.9647059 99.8929292 100.1932585 100.8941176 100.0566666 99.9974246 100.0 100.0872977 100.1633336 100.9294118 100.0979886 100.3266683 100.9098039 100.0015041 100.3293198 100.9098039 99.9617484 100.3265811 100.9098039 100 100 100 100 100 100 100.0413425 100.3292996 100.9098039 100 100 100 100 100 100 99.9877563 99.8449317 100.0078431 100.0107015 99.8422572 100.0078431 99.9724927 99.872272 100.0078431 100.0244914 99.8694211 100.0 100 100 100 100 100 100 100 100 100 100 100 100 100 100 100 100 100 100
99.9999853 99.8531774 100.0196078 99.9403012 100.0001111 100.0117647 99.9264805 100.1551796 100.0 99.8928747 100.2122483 100.8941176 100.0566486 99.9974135 100.0 100.087248 100.1633419 100.9490196 100.0979702 100.3265787 100.9411765 100.0015127 100.3238432 100.9411765 99.9632015 100.3211097 100.9294118 100 100 100 100 100 100 100.0413256 100.3238386 100.9411765 100 100 100 100 100 100 99.9877408 99.8449074 100.027451 100.0106922 99.842239 100.027451 99.9724645 99.87223 100.027451 100.0244801 99.8693685 100.0196078 100 100 100 100 100 100 100 100 100 100 100 100 100 100 100 100 100 100
99.9999913 99.8532105 100.0156863 99.9402959 100.0001309 100.0078431 99.9250299 100.1551409 100.9843137 99.8943843 100.2286361 100.8901961 100.0581372 99.9974155 100.0 100.0872551 100.1606204 100.945098 100.0979594 100.3266782 100.9176471 100.0015466 100.3293112 100.9176471 99.9632166 100.3265962 100.9176471 100 100 100 100 100 100 100.0413552 100.3266471 100.9176471 100 100 100 100 100 100 99.9877433 99.8449329 100.0156863 100.0106852 99.8422324 100.0078431 99.9724719 99.8748748 100.0156863 100.0244666 99.8668233 100.0078431 100 100 100 100 100 100 100 100 100 100 100 100 100 100 100 100 100 100
99.9999851 99.8531606 100.0156863 99.9402974 100.000144 100.0 99.9249595 100.1552595 100.9843137 99.8928581 100.2721623 100.8901961 100.0566493 99.9973715 100.0 100.0872913 100.1632943 100.9372549 100.0979518 100.3266766 100.9294118 100.0015042 100.3265734 100.9294118 99.9617693 100.3238691 100.9176471 100 100 100 100 100 100 100.0413475 100.3265509 100.9294118 100 100 100 100 100 100 99.9877391 99.8448691 100.0156863 100.0106879 99.8421922 100.0078431 99.9724437 99.872208 100.0156863 100.0244536 99.866813 100.0078431 100 100 100 100 100 100 100 100 100 100 100 100 100 100 100 100 100 100
99.9999755 99.8531649 100.0078431 99.9402759 100.0001397 100.0 99.9249811 100.1579448 100.9843137 99.8959342 100.2829585 100.8901961 100.0581415 99.9973942 100.0078431 100.087294 100.1633371 100.9372549 100.0979819 100.3266957 100.9176471 100.001511 100.3265428 100.9176471 99.9632155 100.3238412 100.9098039 100 100 100 100 100 100 100.0413352 100.3265571 100.9176471 100 100 100 100 100 100 99.987711 99.8448863 100.0156863 100.0106775 99.8421684 100.0078431 99.9724248 99.8722046 100.0156863 100.02444 99.8667656 100.0078431 100 100 100 100 100 100 100 100 100 100 100 100 100 100 100 100 100 100
99.9999633 99.8532306 100.0078431 99.940285 100.0001585 100.0 99.9249714 100.1633663 100.9843137 99.89744 100.3019836 100.8901961 100.0581397 99.9973923 100.9921569 100.0872617 100.1579207 100.945098 100.0980181 100.3266539 100.9176471 100.0015904 100.3239292 100.9294118 99.9632891 100.3238301 100.9176471 100 100 100 100 100 100 100.0428697 100.3239047 100.9294118 100 100 100 100 100 100 99.9877087 99.844943 100.0078431 100.0106578 99.842207 100.0078431 99.9724153 99.8722253 100.0156863 100.0244238 99.8667763 100.0078431 100 100 100 100 100 100 100 100 100 100 100 100 100 100 100 100 100 100
99.9999281 99.8557061 100.0078431 99.9402717 100.0026705 100.9921569 99.9234859 100.1712603 100.972549 99.9004668 100.3292183 100.9098039 100.0581217 99.9998411 100.0 100.087249 100.1658997 100.9372549 100.0994123 100.3318155 100.9294118 100.0015572 100.3318502 100.9294118 99.9632258 100.3291766 100.9176471 100 100 100 100 100 100 100.0428538 100.3318503 100.9294118 100 100 100 100 100 100 99.9876661 99.8474271 100.0078431 100.0091891 99.8446953 100.0078431 99.9709314 99.874743 100.0156863 100.0244119 99.8692387 100.0 100 100 100 100 100 100 100 100 100 100 100 100 100 100 100 100 100 100
99.9999424 99.8532327 100.0 99.9402767 100.0001535 100.9843137 99.9249678 100.1660671 100.9647059 99.9005191 100.3293385 100.9098039 100.0581307 99.9973715 100.0 100.0872525 100.1660301 100.9294118 100.0979938 100.3267219 100.9098039 100.0015732 100.3348154 100.9098039 99.9632476 100.3348053 100.9098039 100 100 100 100 100 100 100.0443612 100.3347955 100.9098039 100 100 100 100 100 100 99.9876705 99.8449409 100.0 100.0091905 99.8421886 100.0 99.9709313 99.8722475 100.0078431 100.0244137 99.8667617 100.0 100 100 100 100 100 100 100 100 100 100 100 100 100 100 100 100 100 100
99.999938 99.8556904 100.0078431 99.9402713 100.0026637 100.9921569 99.9249699 100.1713036 100.972549 99.9019907 100.3399788 100.9294118 100.0581387 99.999851 100.0 100.0872394 100.1605002 100.945098 100.097982 100.3291626 100.9176471 100.0016012 100.3318627 100.9176471 99.9632801 100.331846 100.9176471 100 100 100 100 100 100 100.0443799 100.3318552 100.9176471 100 100 100 100 100 100 99.9876629 99.8474281 100.0078431 100.0091813 99.8421254 100.0156863 99.9709262 99.8747821 100.0156863 100.0244144 99.8692506 100.0 100 100 100 100 100 100 100 100 100 100 100 100 100 100 100 100 100 100
99.9999234 99.8557374 100.0078431 99.9402777 100.0026567 100.0 99.9249616 100.1739772 100.972549 99.9020277 100.3482284 100.9294118 100.0566552 99.9998464 100.0 100.0872471 100.1604479 100.945098 100.0979979 100.3291926 100.9176471 100.0015872 100.3318658 100.9176471 99.9632669 100.3318683 100.9098039 100 100 100 100 100 100 100.0428789 100.3318504 100.9176471 100 100 100 100 100 100 99.9862417 99.8474199 100.0078431 100.0076776 99.8421024 100.0078431 99.9693865 99.8747094 100.0156863 100.0229886 99.8666233 100.0 100 100 100 100 100 100 100 100 100 100 100 100 100 100 100 100 100 100
99.9984935 99.8557095 100.027451 99.9402779 100.0026604 100.0078431 99.9249755 100.1739764 100.9921569 99.9020764 100.3482246 100.9490196 100.0581453 99.9998451 100.0 100.0872896 100.1604397 100.9764706 100.0980201 100.3291117 100.9372549 100.0015755 100.3291928 100.9372549 99.9632624 100.3292034 100.9294118 100 100 100 100 100 100 100.0428629 100.3291375 100.9372549 100 100 100 100 100 100 99.9862243 99.847411 100.027451 100.0076454 99.8421196 100.0352941 99.9694044 99.8747204 100.0352941 100.0229798 99.8691733 100.0196078 100 100 100 100 100 100 100 100 100 100 100 100 100 100 100 100 100 100
99.9984653 99.8557156 100.0 99.9402812 100.002669 100.9960784 99.9249552 100.174066 100.9764706 99.9021098 100.3482952 100.9215686 100.0581276 99.9998347 100.0 100.0872786 100.1658802 100.9294118 100.0979928 100.3290849 100.9098039 100.0016032 100.3291849 100.9098039 99.9632729 100.3291518 100.9098039 100 100 100 100 100 100 100.0428833 100.3291655 100.9098039 100 100 100 100 100 100 99.9861767 99.8474292 100.0 100.0061312 99.8420656 100.0 99.9693677 99.8747485 100.0078431 100.022967 99.8665892 100.0 100 100 100 100 100 100 100 100 100 100 100 100 100 100 100 100 100 100
99.9984416 99.8557651 100.0117647 99.9402701 100.0026767 100.0117647 99.9249548 100.1741455 100.9960784 99.9035253 100.3509449 100.9411765 100.0581431 99.9998386 100.0 100.0872767 100.1605498 100.9490196 100.0980029 100.3291931 100.9215686 100.0030416 100.3292284 100.9215686 99.9632795 100.3292005 100.9215686 100 100 100 100 100 100 100.0444029 100.3292074 100.9215686 100 100 100 100 100 100 99.9847219 99.847472 100.0196078 100.0061316 99.8421124 100.0196078 99.969377 99.8722043 100.027451 100.0229718 99.866623 100.0117647 100 100 100 100 100 100 100 100 100 100 100 100 100 100 100 100 100 100
99.9984215 99.8557292 100.0 99.9402734 100.0026703 100.9960784 99.9249465 100.1741032 100.9764706 99.903507 100.3508774 100.9294118 100.0581498 99.9998393 100.0 100.0873015 100.160528 100.9490196 100.0980165 100.3291858 100.9098039 100.0030486 100.3291322 100.9098039 99.9632846 100.3291319 100.9019608 100 100 100 100 100 100 100.044398 100.3264767 100.9215686 100 100 100 100 100 100 99.9847075 99.8474429 100.0078431 100.0061113 99.8420861 100.0 99.9678976 99.8721826 100.0078431 100.0229691 99.8665701 100.9960784 100 100 100 100 100 100 100 100 100 100 100 100 100 100 100 100 100 100
99.9984125 99.8557507 100.0117647 99.9402603 100.0026787 100.0 99.9234974 100.1740901 100.9960784 99.9021029 100.3508552 100.9411765 100.0581561 99.999819 100.0 100.0872807 100.1605153 100.9686275 100.097993 100.3291884 100.9294118 100.0015908 100.3292085 100.9294118 99.9632538 100.3291799 100.9294118 100 100 100 100 100 100 100.0443596 100.3291863 100.9294118 100 100 100 100 100 100 99.9847092 99.8474421 100.0196078 100.0061047 99.8421004 100.0196078 99.969369 99.8721106 100.027451 100.0229732 99.8665348 100.0117647 100 100 100 100 100 100 100 100 100 100 100 100 100 100 100 100 100 100
99.9983972 99.8557498 100.0 99.9402607 100.0026533 100.0 99.9234657 100.1740593 100.9843137 99.902051 100.348319 100.9372549 100.0581713 99.9998402 100.0 100.0872905 100.1604279 100.9568627 100.0980121 100.3291793 100.9176471 100.0015888 100.3291983 100.9176471 99.9632529 100.3292124 100.9176471 100 100 100 100 100 100 100.0443551 100.3291384 100.9176471 100 100 100 100 100 100 99.9846829 99.8474274 100.0156863 100.0060934 99.8420795 100.0078431 99.9693555 99.8721339 100.0156863 100.0229694 99.8665177 100.0 100 100 100 100 100 100 100 100 100 100 100 100 100 100 100 100 100 100
