99.9955233 99.8532037 100.027451 99.9464535 100.0054021 100.0 99.9326215 100.1577638 100.9843137 99.9204712 100.3102999 100.9294118 100.0536194 99.9892572 100.0078431 100.079553 100.1497103 100.9568627 100.081231 100.2939268 100.9215686 100.0060768 100.3020912 100.9215686 99.9648393 100.3020986 100.9098039 100 100 100 100 100 100 100.0444332 100.3047695 100.9215686 100 100 100 100 100 100 99.9862441 99.8368973 100.0352941 100.0076942 99.8368445 100.0352941 99.9709487 99.8720606 100.027451 100.0199792 99.8693758 100.027451 100 100 100 100 100 100 100 100 100 100 100 100 100 100 100 100 100 100
99.9955052 99.8532055 100.0352941 99.9464412 100.0053994 100.0 99.9326178 100.1577677 100.9843137 99.9204498 100.3103295 100.9294118 100.053604 99.9892672 100.0078431 100.0780931 100.1442739 100.9568627 100.0812134 100.2913247 100.9098039 100.0046113 100.3047921 100.9098039 99.9617779 100.3048295 100.9215686 100 100 100 100 100 100 100.044392 100.304805 100.9098039 100 100 100 100 100 100 99.9862298 99.8369033 100.0352941 100.0076685 99.836859 100.0352941 99.9709338 99.8694903 100.027451 100.0199518 99.8667614 100.027451 100 100 100 100 100 100 100 100 100 100 100 100 100 100 100 100 100 100
99.9955194 99.8558316 100.0352941 99.9464521 100.0079978 100.0 99.9326046 100.1604817 100.9764706 99.9204516 100.3129926 100.9294118 100.0536172 99.9918914 100.0 100.0795242 100.1523254 100.9568627 100.0812171 100.2939005 100.9098039 100.0060879 100.3101375 100.9215686 99.9648121 100.3101523 100.9215686 100 100 100 100 100 100 100.0444607 100.3101437 100.9215686 100 100 100 100 100 100 99.9862398 99.8395189 100.0352941 100.0076713 99.8394847 100.0352941 99.9709449 99.8720728 100.027451 100.019938 99.8693292 100.027451 100 100 100 100 100 100 100 100 100 100 100 100 100 100 100 100 100 100
99.9969913 99.8558301 100.0352941 99.9479171 100.0080242 100.0 99.9340992 100.1604507 100.9843137 99.9219351 100.315514 100.9294118 100.0550719 99.9918691 100.0078431 100.0795481 100.1523529 100.9568627 100.0826953 100.2939925 100.9098039 100.0060938 100.304756 100.9098039 99.9647831 100.3074273 100.9215686 100 100 100 100 100 100 100.0458648 100.3074262 100.9215686 100 100 100 100 100 100 99.9877122 99.8395195 100.0470588 100.0091489 99.8395051 100.0470588 99.9724098 99.8720868 100.027451 100.0214282 99.8720644 100.0196078 100 100 100 100 100 100 100 100 100 100 100 100 100 100 100 100 100 100
99.9970131 99.8558293 100.027451 99.9479359 100.0080142 100.0 99.9341443 100.1604941 100.9960784 99.9219724 100.3155215 100.9294118 100.0550838 99.9918543 100.0078431 100.0810357 100.1523772 100.9568627 100.0827184 100.2965216 100.9215686 100.0061099 100.3047247 100.9215686 99.966291 100.3074399 100.9215686 100 100 100 100 100 100 100.0458719 100.304738 100.9215686 100 100 100 100 100 100 99.9877392 99.8395067 100.0352941 100.0091701 99.8394834 100.0352941 99.9724388 99.872041 100.027451 100.0214355 99.8693727 100.027451 100 100 100 100 100 100 100 100 100 100 100 100 100 100 100 100 100 100
99.9969941 99.8558466 100.0196078 99.9479188 100.0080343 100.9960784 99.9341138 100.1605303 100.9686275 99.9218819 100.3129651 100.9215686 100.055074 99.9918913 100.0 100.0795681 100.1496296 100.9490196 100.0826695 100.2965725 100.9019608 100.0061029 100.3101472 100.9137255 99.9632635 100.3074945 100.9137255 100 100 100 100 100 100 100.045893 100.3101696 100.9137255 100 100 100 100 100 100 99.9877189 99.839527 100.027451 100.0091509 99.8395034 100.027451 99.9724147 99.8720814 100.0196078 100.0214137 99.8694033 100.0196078 100 100 100 100 100 100 100 100 100 100 100 100 100 100 100 100 100 100
99.996999 99.8558554 100.0352941 99.9479191 100.0080391 100.0 99.9341015 100.1605524 100.9764706 99.918834 100.3128056 100.9294118 100.0550688 99.9918826 100.0 100.0795829 100.1496546 100.9568627 100.0826485 100.2965419 100.9098039 100.0075481 100.3047314 100.9098039 99.9662704 100.304729 100.9098039 100 100 100 100 100 100 100.0458759 100.3047432 100.9098039 100 100 100 100 100 100 99.9877333 99.8395153 100.0470588 100.0091655 99.8395232 100.0470588 99.9724248 99.872025 100.027451 100.0214421 99.8720706 100.027451 100 100 100 100 100 100 100 100 100 100 100 100 100 100 100 100 100 100
99.998424 99.8558543 100.027451 99.9479348 100.0055173 100.0 99.9295729 100.1577513 100.9764706 99.9035355 100.2939457 100.9294118 100.0550916 99.9919342 100.0078431 100.0810291 100.1523669 100.9568627 100.082654 100.2940145 100.9098039 100.0060789 100.2993696 100.9098039 99.9632426 100.2993567 100.9098039 100 100 100 100 100 100 100.0458687 100.3020476 100.9098039 100 100 100 100 100 100 99.9892463 99.8394808 100.0470588 100.0092025 99.8395076 100.0470588 99.9724434 99.8720907 100.027451 100.0214647 99.8721405 100.027451 100 100 100 100 100 100 100 100 100 100 100 100 100 100 100 100 100 100
99.9969488 99.8585262 100.027451 99.9464402 100.0081246 100.0 99.9219819 100.1550681 100.9764706 99.8882885 100.2937107 100.9215686 100.0550284 99.9945561 100.0078431 100.0795072 100.1550179 100.9568627 100.0811698 100.296687 100.9215686 100.0045777 100.3020122 100.9215686 99.961753 100.3020117 100.9098039 100 100 100 100 100 100 100.0443623 100.3047018 100.9215686 100 100 100 100 100 100 99.9892515 99.8421539 100.0352941 100.0077087 99.8422078 100.0352941 99.9709482 99.874785 100.027451 100.0199512 99.8748324 100.027451 100 100 100 100 100 100 100 100 100 100 100 100 100 100 100 100 100 100
99.9969799 99.8585556 100.027451 99.9464315 100.0081203 100.0 99.9203162 100.1470297 100.9764706 99.8729687 100.2722117 100.9294118 100.0550522 99.9945688 100.0 100.0795417 100.1523597 100.9568627 100.0826087 100.299393 100.9215686 100.0045848 100.2993308 100.9215686 99.9617236 100.2966625 100.9215686 100 100 100 100 100 100 100.0443619 100.3020313 100.9098039 100 100 100 100 100 100 99.9892935 99.8422024 100.0352941 100.0077284 99.8422599 100.0352941 99.970989 99.8748137 100.027451 100.0213868 99.8775208 100.027451 100 100 100 100 100 100 100 100 100 100 100 100 100 100 100 100 100 100
99.996938 99.8585604 100.0352941 99.9449377 100.005449 100.0156863 99.9082381 100.1416097 100.9843137 99.8530811 100.250385 100.945098 100.053542 99.9946228 100.0078431 100.0780342 100.1551069 100.9647059 100.081103 100.2994157 100.9294118 100.0045249 100.3020974 100.9294118 99.9632466 100.3020543 100.9294118 100 100 100 100 100 100 100.0428577 100.30481 100.9294118 100 100 100 100 100 100 99.9892779 99.8422029 100.054902 100.0076467 99.8422793 100.054902 99.9709061 99.8748422 100.0352941 100.019907 99.8775046 100.0352941 100 100 100 100 100 100 100 100 100 100 100 100 100 100 100 100 100 100
99.9969858 99.8638883 100.0431373 99.943415 100.002653 100.0156863 99.8928502 100.1276777 100.9921569 99.8148438 100.1957942 100.6705882 100.0505936 99.9999328 100.0 100.0750479 100.1577032 100.9647059 100.078113 100.3046971 100.9294118 100.0015907 100.315529 100.9294118 99.9617559 100.3155279 100.9294118 100 100 100 100 100 100 100.0413683 100.3182337 100.9294118 100 100 100 100 100 100 99.9878019 99.8475279 100.054902 100.0076971 99.8502502 100.054902 99.969409 99.8801295 100.0352941 100.0183908 99.8855322 100.0352941 100 100 100 100 100 100 100 100 100 100 100 100 100 100 100 100 100 100
99.9985316 99.8639858 100.0431373 99.9433926 100.002659 100.0078431 99.8837492 100.1141865 100.0 99.7965202 100.1658744 100.6705882 100.0506063 99.9999137 100.0 100.0750704 100.1550449 100.9647059 100.0781422 100.3046998 100.9176471 100.0016279 100.3128117 100.9294118 99.963279 100.3128271 100.9176471 100 100 100 100 100 100 100.0414 100.3128631 100.9294118 100 100 100 100 100 100 99.9892711 99.8476094 100.6705882 100.0092197 99.8503369 100.0627451 99.9709416 99.880158 100.0352941 100.0184281 99.8855378 100.0352941 100 100 100 100 100 100 100 100 100 100 100 100 100 100 100 100 100 100
100.000039 99.8639977 100.0666667 99.9419518 100.0000161 100.0196078 99.87917 100.1033026 100.9960784 99.7842637 100.1278801 100.6823529 100.0506132 99.9999965 100.0 100.0750641 100.1550389 100.9764706 100.0781384 100.304728 100.9294118 100.0016011 100.3156053 100.9411765 99.9617617 100.3156055 100.9411765 100 100 100 100 100 100 100.04141 100.3182946 100.9411765 100 100 100 100 100 100 99.9893248 99.8476254 100.6823529 100.0107582 99.850357 100.0666667 99.970989 99.8775374 100.0470588 100.0199608 99.8855374 100.0470588 100 100 100 100 100 100 100 100 100 100 100 100 100 100 100 100 100 100
100.0030075 99.8665228 100.054902 99.9433737 99.9973759 100.0196078 99.8698622 100.0734256 100.0 99.7704086 100.0625589 100.9411765 100.0535028 100.0026939 100.0 100.0765323 100.1551204 100.9686275 100.0810704 100.3048062 100.9294118 100.0045237 100.3128982 100.9411765 99.9662255 100.3128839 100.9411765 100 100 100 100 100 100 100.04288 100.3155983 100.9411765 100 100 100 100 100 100 99.9922535 99.8476657 100.0745098 100.0137652 99.8530597 100.0745098 99.9755097 99.8748456 100.054902 100.0244363 99.8856562 100.0470588 100 100 100 100 100 100 100 100 100 100 100 100 100 100 100 100 100 100
100.003082 99.8692047 100.0666667 99.9433742 99.9998727 100.0117647 99.8668085 100.0651912 100.0196078 99.768865 100.040703 100.9490196 100.0535378 100.005323 100.0 100.0765686 100.1604335 100.9568627 100.0811176 100.3074498 100.9294118 100.0046072 100.3182473 100.9411765 99.9663063 100.3182412 100.9411765 100 100 100 100 100 100 100.0444067 100.3209335 100.9411765 100 100 100 100 100 100 99.9923238 99.8503537 100.0941176 100.0152402 99.8557164 100.0941176 99.9770254 99.8774552 100.054902 100.0245094 99.8882354 100.0470588 100 100 100 100 100 100 100 100 100 100 100 100 100 100 100 100 100 100
100.0031094 99.866699 100.0745098 99.9433542 99.999837 100.0196078 99.8591814 100.0516317 100.0 99.7658143 100.0161935 100.9372549 100.0535492 100.0054135 100.0 100.0765598 100.1631326 100.9647059 100.0796608 100.3100575 100.9490196 100.0046061 100.3127929 100.9490196 99.9663219 100.3127945 100.9490196 100 100 100 100 100 100 100.0443895 100.312802 100.9490196 100 100 100 100 100 100 99.99234 99.8502544 100.1098039 100.0152692 99.8556661 100.0901961 99.9770355 99.8747886 100.0745098 100.0259713 99.8882494 100.054902 100 100 100 100 100 100 100 100 100 100 100 100 100 100 100 100 100 100
100.0060359 99.8667259 100.0627451 99.9433953 99.9973171 100.0196078 99.8576258 100.0434074 100.0 99.7673369 99.9918229 100.9568627 100.0550349 100.0054312 100.0 100.0780491 100.1632374 100.9647059 100.0811606 100.310095 100.9372549 100.0046251 100.3209927 100.9490196 99.9662533 100.3210291 100.9490196 100 100 100 100 100 100 100.0458759 100.3210252 100.9490196 100 100 100 100 100 100 99.9938832 99.8502662 100.6901961 100.0168098 99.8557367 100.0823529 99.9785561 99.8748115 100.054902 100.027493 99.8883621 100.054902 100 100 100 100 100 100 100 100 100 100 100 100 100 100 100 100 100 100
100.0075938 99.866756 100.0745098 99.9448945 99.997227 100.0196078 99.8515274 100.0245605 100.0117647 99.7718848 99.9565844 100.9686275 100.0565605 100.0081742 100.0117647 100.0795238 100.1605493 100.9568627 100.0826823 100.3128796 100.9411765 100.0076066 100.3210745 100.9411765 99.9692881 100.3238043 100.9490196 100 100 100 100 100 100 100.0474029 100.3210412 100.9411765 100 100 100 100 100 100 99.9954486 99.847763 100.1098039 100.0183744 99.8557763 100.1019608 99.9800961 99.8748049 100.054902 100.0290814 99.888334 100.0470588 100 100 100 100 100 100 100 100 100 100 100 100 100 100 100 100 100 100
100.0076251 99.8667369 100.0745098 99.9449023 99.997228 100.0196078 99.8515289 100.0217506 100.9843137 99.7719246 99.9509819 100.9843137 100.0565601 100.0081989 100.0117647 100.0795611 100.1685924 100.9490196 100.0826569 100.3129303 100.9411765 100.0061663 100.3074584 100.9411765 99.9678771 100.3074886 100.9294118 100 100 100 100 100 100 100.0444416 100.3074578 100.9411765 100 100 100 100 100 100 99.9954778 99.8477486 100.6823529 100.0184047 99.8557403 100.6823529 99.9801165 99.872194 100.054902 100.0290927 99.8882939 100.0470588 100 100 100 100 100 100 100 100 100 100 100 100 100 100 100 100 100 100
100.0076781 99.8667731 100.054902 99.9449119 99.9946315 100.0196078 99.8515808 100.01914 100.0196078 99.7734523 99.9375601 100.9843137 100.055187 100.0082633 100.0 100.0795694 100.1659762 100.9490196 100.0826958 100.3156312 100.9411765 100.006206 100.3021147 100.9294118 99.9693614 100.3047545 100.9294118 100 100 100 100 100 100 100.0444647 100.3021031 100.9294118 100 100 100 100 100 100 99.9969435 99.8477797 100.0745098 100.0184582 99.8558123 100.0823529 99.9815763 99.8722292 100.0470588 100.0305474 99.8884256 100.0392157 100 100 100 100 100 100 100 100 100 100 100 100 100 100 100 100 100 100
100.0076738 99.8668118 100.0627451 99.9448958 99.9945791 100.027451 99.8515415 100.0190062 100.0 99.7735101 99.9347864 100.0 100.0565788 100.0109202 100.0196078 100.0795465 100.1687362 100.9568627 100.0826847 100.3129242 100.9490196 100.0061364 100.3048052 100.9372549 99.967849 100.3048208 100.9372549 100 100 100 100 100 100 100.0444304 100.3048207 100.9372549 100 100 100 100 100 100 99.9969471 99.8478233 100.6901961 100.0198399 99.8558247 100.2 99.9815674 99.8722521 100.0627451 100.0305846 99.8883485 100.0470588 100 100 100 100 100 100 100 100 100 100 100 100 100 100 100 100 100 100
100.0076818 99.8667566 100.054902 99.9448766 99.9945668 100.027451 99.8500479 100.0163805 100.9960784 99.774952 99.9319421 100.9960784 100.0551623 100.0108951 100.9764706 100.0795553 100.168702 100.9568627 100.0826943 100.3129632 100.9411765 100.0061513 100.3102495 100.9411765 99.9678491 100.3102623 100.9411765 100 100 100 100 100 100 100.0459101 100.3102804 100.9411765 100 100 100 100 100 100 99.9969479 99.8477719 100.1098039 100.0198545 99.8531629 100.0941176 99.9815779 99.8722447 100.054902 100.0305869 99.8883563 100.027451 100 100 100 100 100 100 100 100 100 100 100 100 100 100 100 100 100 100
100.0061563 99.8667895 100.0941176 99.943402 99.9945464 100.0392157 99.8485049 100.0163606 100.027451 99.7734009 99.9293652 100.0196078 100.0550471 100.0109064 100.0 100.0780228 100.1687656 100.9764706 100.0811505 100.3103267 100.9686275 100.0060684 100.312955 100.9686275 99.9677838 100.3129822 100.9686275 100 100 100 100 100 100 100.0443975 100.3129865 100.9686275 100 100 100 100 100 100 99.9954128 99.847785 100.2039216 100.0183246 99.8531949 100.1568627 99.9800352 99.8722836 100.0941176 100.0290488 99.885827 100.0745098 100 100 100 100 100 100 100 100 100 100 100 100 100 100 100 100 100 100
100.0061292 99.866777 100.0705882 99.9434119 99.9945577 100.0 99.8499756 100.0163175 100.9843137 99.7734131 99.9318766 100.972549 100.0550385 100.0108989 100.9921569 100.078012 100.1686826 100.9372549 100.0811639 100.3129957 100.9294118 100.0045877 100.3075009 100.9294118 99.9647832 100.3048435 100.9176471 100 100 100 100 100 100 100.0429 100.3075236 100.9294118 100 100 100 100 100 100 99.9953958 99.847786 100.1098039 100.018295 99.8531596 100.0901961 99.9800304 99.8722538 100.0627451 100.0290389 99.8858132 100.0352941 100 100 100 100 100 100 100 100 100 100 100 100 100 100 100 100 100 100
100.0061255 99.866827 100.0745098 99.9433932 99.9945106 100.0196078 99.8499856 100.0163754 100.0 99.7734256 99.9318984 100.0 100.0550586 100.0108963 100.0078431 100.0780415 100.1687333 100.9568627 100.0811608 100.3156284 100.9490196 100.0046514 100.3075405 100.9372549 99.9663333 100.3074968 100.9372549 100 100 100 100 100 100 100.0443847 100.3102296 100.9490196 100 100 100 100 100 100 99.9954042 99.8478223 100.6901961 100.018299 99.8558477 100.1176471 99.9800368 99.8748641 100.0627451 100.0290486 99.8883728 100.054902 100 100 100 100 100 100 100 100 100 100 100 100 100 100 100 100 100 100
100.0061278 99.8668147 100.1019608 99.9433978 99.9945906 100.0470588 99.8500167 100.0163901 100.0 99.7734581 99.9319681 100.0 100.0550751 100.0082518 100.0 100.078048 100.168778 100.9686275 100.0811702 100.3129676 100.9607843 100.0046342 100.3102433 100.9607843 99.9648267 100.3075603 100.9490196 100 100 100 100 100 100 100.0443893 100.3102659 100.9607843 100 100 100 100 100 100 99.9953915 99.847814 100.1764706 100.0169178 99.8558378 100.1019608 99.9800434 99.8748488 100.0862745 100.0290604 99.8883882 100.0745098 100 100 100 100 100 100 100 100 100 100 100 100 100 100 100 100 100 100
100.0060811 99.8668045 100.0823529 99.9434042 99.9971701 100.0078431 99.8515329 100.0189578 100.972549 99.7734354 99.9320052 100.9921569 100.0550761 100.0108618 100.0 100.0780425 100.1633128 100.9372549 100.0811202 100.3102345 100.9294118 100.0046094 100.3102095 100.9294118 99.9648032 100.3075368 100.9176471 100 100 100 100 100 100 100.0443697 100.3102249 100.9294118 100 100 100 100 100 100 99.993945 99.847799 100.2117647 100.0168838 99.8558318 100.1803922 99.9800362 99.8722424 100.054902 100.0290268 99.8883801 100.0352941 100 100 100 100 100 100 100 100 100 100 100 100 100 100 100 100 100 100
100.0061114 99.8668056 100.6901961 99.9434025 99.9972318 100.0196078 99.8515327 100.0191157 100.0078431 99.7734752 99.9348412 100.0 100.0551093 100.0081833 100.0078431 100.0780713 100.1686391 100.9647059 100.0811371 100.3075861 100.9490196 100.0046732 100.321077 100.9490196 99.9663433 100.3211273 100.9490196 100 100 100 100 100 100 100.0444468 100.3210861 100.9490196 100 100 100 100 100 100 99.9939648 99.8478188 100.1568627 100.0168983 99.8558207 100.1098039 99.9800373 99.8748483 100.0745098 100.029027 99.8884386 100.054902 100 100 100 100 100 100 100 100 100 100 100 100 100 100 100 100 100 100
100.0060809 99.8667489 100.054902 99.9433997 99.9972355 100.0117647 99.8500294 100.0216662 100.9843137 99.7720045 99.9374659 100.9960784 100.0551055 100.0081778 100.0196078 100.0780877 100.1686182 100.9568627 100.0811104 100.3074485 100.9411765 100.0060863 100.3210426 100.9411765 99.9663151 100.3237309 100.9411765 100 100 100 100 100 100 100.0444433 100.3210119 100.9411765 100 100 100 100 100 100 99.993934 99.8477593 100.1764706 100.016875 99.855745 100.6823529 99.9800265 99.8747988 100.0470588 100.0290043 99.8884254 100.0392157 100 100 100 100 100 100 100 100 100 100 100 100 100 100 100 100 100 100
100.0060866 99.86674 100.0627451 99.9434064 99.9972847 100.0196078 99.8515275 100.0218075 100.9921569 99.7719721 99.9455251 100.0 100.0550889 100.0081026 100.0078431 100.078086 100.1685807 100.9647059 100.0811209 100.3074443 100.9490196 100.0060839 100.3183598 100.9490196 99.966365 100.321055 100.9490196 100 100 100 100 100 100 100.0444294 100.3183402 100.9490196 100 100 100 100 100 100 99.993941 99.8502697 100.1176471 100.0168684 99.8557443 100.1098039 99.9786047 99.8748216 100.0470588 100.0275759 99.8884017 100.0352941 100 100 100 100 100 100 100 100 100 100 100 100 100 100 100 100 100 100
100.0061329 99.8667825 100.0627451 99.9448669 99.9973623 100.0078431 99.8530407 100.0298877 100.0 99.7734206 99.9538326 100.9843137 100.0565667 100.0053968 100.0 100.0795627 100.1605581 100.9647059 100.0826464 100.3074984 100.9490196 100.0061033 100.3183388 100.9490196 99.9663126 100.3210255 100.9490196 100 100 100 100 100 100 100.0458822 100.3183465 100.9490196 100 100 100 100 100 100 99.9953664 99.8503097 100.1294118 100.0182885 99.85310079999999 100.1294118 99.9800604 99.8748393 100.054902 100.0290119 99.8857263 100.054902 100 100 100 100 100 100 100 100 100 100 100 100 100 100 100 100 100 100
100.006086 99.866717 100.0470588 99.9448418 99.9998806 100.0117647 99.8545851 100.0380663 100.9843137 99.7734198 99.959158 100.9764706 100.0565692 100.0053786 100.0 100.0795757 100.1632305 100.9568627 100.0826583 100.307525 100.9411765 100.006085 100.3183373 100.9411765 99.961742 100.321028 100.9411765 100 100 100 100 100 100 100.0459222 100.3183455 100.9411765 100 100 100 100 100 100 99.99533220000001 99.8502816 100.054902 100.0182536 99.8530462 100.6823529 99.9800384 99.8748345 100.0470588 100.0275253 99.8856903 100.0470588 100 100 100 100 100 100 100 100 100 100 100 100 100 100 100 100 100 100
100.0075659 99.8666528 100.054902 99.9463255 99.9998862 100.0196078 99.8576332 100.0407934 100.9960784 99.7749528 99.9699611 100.9843137 100.0580677 100.0053436 100.0 100.0810805 100.1631426 100.9568627 100.0841901 100.3100919 100.9411765 100.0075734 100.32103 100.9411765 99.9632639 100.3236961 100.9411765 100 100 100 100 100 100 100.0474162 100.3236733 100.9411765 100 100 100 100 100 100 99.9954252 99.8502241 100.6823529 100.0183175 99.8503756 100.6823529 99.9800826 99.8748196 100.054902 100.0290157 99.8855533 100.054902 100 100 100 100 100 100 100 100 100 100 100 100 100 100 100 100 100 100
100.0030806 99.8666417 100.0352941 99.9434258 99.9998787 100.0078431 99.8592148 100.0570721 100.0078431 99.7719488 99.9970926 100.9568627 100.0550493 100.005381 100.0 100.0780496 100.1605042 100.945098 100.0811703 100.3129086 100.9294118 100.0030803 100.3074684 100.9176471 99.9587239 100.3047798 100.9294118 100 100 100 100 100 100 100.0429001 100.3101774 100.9294118 100 100 100 100 100 100 99.9923561 99.8477468 100.6705882 100.0152477 99.8503868 100.6705882 99.9755194 99.8801945 100.0352941 100.0244923 99.885623 100.0352941 100 100 100 100 100 100 100 100 100 100 100 100 100 100 100 100 100 100
100.0015309 99.8666089 100.0352941 99.9433786 99.9998637 100.0078431 99.8622676 100.0652622 100.972549 99.7704557 100.0134877 100.9372549 100.0535448 100.0027778 100.0 100.0765621 100.1658722 100.9568627 100.0796528 100.3182411 100.9294118 100.0030233 100.3128551 100.9294118 99.9587039 100.3101288 100.9176471 100 100 100 100 100 100 100.0413908 100.3155635 100.9294118 100 100 100 100 100 100 99.9908245 99.8477244 100.0352941 100.0122494 99.8503161 100.0352941 99.9739963 99.8801862 100.0352941 100.0229682 99.8829384 100.0352941 100 100 100 100 100 100 100 100 100 100 100 100 100 100 100 100 100 100
100.0014977 99.8665935 100.027451 99.9433665 99.9998431 100.0 99.8683631 100.0787841 100.9843137 99.7719697 100.0353436 100.9215686 100.0535347 100.005373 100.0 100.0765511 100.168571 100.9372549 100.0796478 100.3182488 100.9215686 100.0030004 100.3074659 100.9098039 99.958707 100.3047526 100.9098039 100 100 100 100 100 100 100.0413651 100.3101427 100.9215686 100 100 100 100 100 100 99.9907878 99.8477297 100.0470588 100.0122184 99.8503173 100.6627451 99.9739571 99.88021 100.027451 100.0229336 99.885613 100.027451 100 100 100 100 100 100 100 100 100 100 100 100 100 100 100 100 100 100
99.9999658 99.8665121 100.0352941 99.9433872 99.999948 100.0 99.8729618 100.100566 100.9764706 99.7780307 100.0868857 100.9372549 100.0534961 100.0052536 100.9960784 100.0765036 100.1631041 100.9490196 100.0796056 100.3155076 100.9215686 100.0014618 100.3046591 100.9098039 99.9571375 100.3045918 100.9098039 100 100 100 100 100 100 100.0412624 100.3073522 100.9098039 100 100 100 100 100 100 99.9907193 99.8476123 100.6627451 100.0106676 99.8502357 100.6627451 99.9724465 99.8801148 100.027451 100.0213822 99.8854841 100.027451 100 100 100 100 100 100 100 100 100 100 100 100 100 100 100 100 100 100
99.9970012 99.8638847 100.027451 99.9419532 99.9999508 100.0 99.877624 100.1061896 100.9764706 99.7811862 100.1115104 100.9215686 100.0506158 100.0026714 100.0 100.0750228 100.1659008 100.9490196 100.0781344 100.3101827 100.9215686 100.001495 100.3047078 100.9098039 99.9587429 100.3020255 100.9098039 100 100 100 100 100 100 100.0398117 100.3073937 100.9215686 100 100 100 100 100 100 99.9892438 99.8449785 100.6627451 100.0077046 99.8476103 100.0352941 99.9709542 99.8775224 100.027451 100.0184415 99.8828592 100.027451 100 100 100 100 100 100 100 100 100 100 100 100 100 100 100 100 100 100
99.9969766 99.8638746 100.0352941 99.9434122 99.9999857 100.0 99.8806891 100.1223748 100.9647059 99.7903664 100.1468993 100.9294118 100.0506058 100.0026373 100.0 100.0750047 100.1658464 100.9490196 100.0781156 100.3074579 100.9215686 100.0000213 100.3074494 100.9215686 99.9556564 100.3073831 100.9098039 100 100 100 100 100 100 100.0398204 100.310159 100.9215686 100 100 100 100 100 100 99.9878174 99.8449758 100.054902 100.0076841 99.8476126 100.054902 99.9694594 99.8801557 100.027451 100.0184334 99.8828996 100.027451 100 100 100 100 100 100 100 100 100 100 100 100 100 100 100 100 100 100
99.9984584 99.8612562 100.0196078 99.9449432 100.0000823 100.0 99.8958965 100.1333233 100.9686275 99.8132932 100.2095902 100.9137255 100.0535477 99.9999725 100.0 100.077995 100.1605368 100.9294118 100.0811141 100.302103 100.9019608 100.0030374 100.3020568 100.9019608 99.9586771 100.2993852 100.9019608 100 100 100 100 100 100 100.0428328 100.3020741 100.9019608 100 100 100 100 100 100 99.9907862 99.8423346 100.027451 100.0091608 99.845027 100.027451 99.9709823 99.8721004 100.0196078 100.0199285 99.8802567 100.0196078 100 100 100 100 100 100 100 100 100 100 100 100 100 100 100 100 100 100
99.9999909 99.8612141 100.0196078 99.9464421 100.0054042 100.9960784 99.9035812 100.1441161 100.9568627 99.8270789 100.236687 100.9137255 100.0550379 99.9973228 100.0 100.078073 100.1577755 100.9411765 100.0826332 100.3020713 100.9019608 100.0046058 100.3020501 100.9019608 99.9602467 100.3020011 100.9137255 100 100 100 100 100 100 100.0443801 100.3047133 100.9019608 100 100 100 100 100 100 99.9923126 99.8423022 100.027451 100.0092459 99.8449934 100.027451 99.9724763 99.8694265 100.0196078 100.0214447 99.8801984 100.0196078 100 100 100 100 100 100 100 100 100 100 100 100 100 100 100 100 100 100
99.9985196 99.8612306 100.0196078 99.9464969 100.0054198 100.9960784 99.9082386 100.1468922 100.9686275 99.8454509 100.2559152 100.9411765 100.0535903 99.9973156 100.0 100.0780847 100.1551384 100.9411765 100.0812091 100.3020263 100.9019608 100.0045794 100.3020151 100.9019608 99.9602643 100.2993387 100.9019608 100 100 100 100 100 100 100.0429306 100.302054 100.9019608 100 100 100 100 100 100 99.9923059 99.8422821 100.027451 100.0092367 99.8449361 100.027451 99.9724499 99.8694019 100.0196078 100.0214379 99.8775705 100.0196078 100 100 100 100 100 100 100 100 100 100 100 100 100 100 100 100 100 100
100.0014717 99.8613025 100.0196078 99.9494467 100.0081624 100.9960784 99.921909 100.1524568 100.9686275 99.8759619 100.2994373 100.9137255 100.0550788 99.9947316 100.0 100.0795804 100.1496894 100.9411765 100.0841769 100.2993363 100.9137255 100.0061141 100.3048103 100.9019608 99.9617633 100.3047836 100.9019608 100 100 100 100 100 100 100.0459383 100.3074919 100.9019608 100 100 100 100 100 100 99.9923294 99.8423518 100.027451 100.0121919 99.844991 100.027451 99.9739607 99.8693923 100.0196078 100.0229503 99.8748746 100.0117647 100 100 100 100 100 100 100 100 100 100 100 100 100 100 100 100 100 100
100.0000356 99.8638979 100.0196078 99.9494584 100.0108045 100.9960784 99.9235424 100.1577242 100.9686275 99.8882133 100.3074029 100.9137255 100.0550767 99.9972615 100.0117647 100.0796149 100.1496871 100.9294118 100.0842121 100.3019802 100.9137255 100.0076401 100.3073869 100.9019608 99.9633151 100.3073601 100.9019608 100 100 100 100 100 100 100.0474194 100.3100803 100.9019608 100 100 100 100 100 100 99.9923347 99.8449226 100.0392157 100.0108037 99.8476232 100.027451 99.9739508 99.8693942 100.0196078 100.0229623 99.880227 100.0196078 100 100 100 100 100 100 100 100 100 100 100 100 100 100 100 100 100 100
100.0014658 99.8638669 100.0196078 99.9494687 100.0134397 100.9960784 99.9280029 100.165832 100.9686275 99.9065661 100.3210832 100.9215686 100.0550122 99.9972092 100.0117647 100.0795366 100.1495692 100.9411765 100.0856942 100.3018617 100.9019608 100.0090887 100.3128101 100.9137255 99.964743 100.3128262 100.9137255 100 100 100 100 100 100 100.0489114 100.3128416 100.9137255 100 100 100 100 100 100 99.9907473 99.8448866 100.027451 100.0122149 99.8475478 100.027451 99.9739078 99.8693701 100.0117647 100.0229631 99.8747768 100.0117647 100 100 100 100 100 100 100 100 100 100 100 100 100 100 100 100 100 100
100.0014619 99.8638588 100.0117647 99.9494695 100.0134191 100.9882353 99.929542 100.1685717 100.9568627 99.9142132 100.3210252 100.9215686 100.0535493 99.9971959 100.0 100.0810547 100.149553 100.9490196 100.0857536 100.301928 100.9019608 100.0091161 100.3100996 100.9019608 99.9647764 100.3128016 100.9137255 100 100 100 100 100 100 100.0489062 100.3100653 100.9019608 100 100 100 100 100 100 99.9892882 99.8448974 100.027451 100.0121872 99.8475235 100.027451 99.9738889 99.8719947 100.0117647 100.0229351 99.8746858 100.0117647 100 100 100 100 100 100 100 100 100 100 100 100 100 100 100 100 100 100
100.0000283 99.8638017 100.0117647 99.9494537 100.0134469 100.9960784 99.9326207 100.1686924 100.9568627 99.9203751 100.3210128 100.9215686 100.0535528 99.9971866 100.0117647 100.0810605 100.1494679 100.9411765 100.0857634 100.3018545 100.9019608 100.0060975 100.3127954 100.9019608 99.9632838 100.3155101 100.9137255 100 100 100 100 100 100 100.0474453 100.3100942 100.9019608 100 100 100 100 100 100 99.987811 99.8448988 100.027451 100.0121447 99.8474987 100.027451 99.9738709 99.8693651 100.0117647 100.02291 99.8747577 100.0 100 100 100 100 100 100 100 100 100 100 100 100 100 100 100 100 100 100
99.9999503 99.863878 100.0078431 99.9494388 100.0108564 100.9843137 99.9356468 100.1713415 100.9568627 99.92651 100.3211406 100.9098039 100.0535551 99.9971979 100.0 100.081089 100.1495432 100.9294118 100.0872014 100.3020273 100.8901961 100.0091138 100.3128537 100.8901961 99.9662992 100.3155869 100.9019608 100 100 100 100 100 100 100.0488892 100.3101554 100.8901961 100 100 100 100 100 100 99.9877359 99.845022 100.0156863 100.0106448 99.8475272 100.0156863 99.9724108 99.8747859 100.0 100.0228375 99.8694046 100.0 100 100 100 100 100 100 100 100 100 100 100 100 100 100 100 100 100 100
99.999905 99.8638909 100.0078431 99.9494381 100.0134571 100.9843137 99.9371076 100.1714156 100.9568627 99.9265438 100.3236677 100.9098039 100.0550296 99.9971878 100.0 100.0810644 100.1495208 100.9294118 100.0857444 100.3019235 100.8901961 100.0091242 100.3101152 100.8901961 99.9678088 100.3128176 100.8901961 100 100 100 100 100 100 100.0488972 100.3101167 100.8901961 100 100 100 100 100 100 99.9877004 99.847525 100.0156863 100.0106108 99.84752 100.0156863 99.9723922 99.8747841 100.0 100.0213997 99.8720587 100.9921569 100 100 100 100 100 100 100 100 100 100 100 100 100 100 100 100 100 100
99.9984563 99.8638765 100.0117647 99.9494283 100.0108483 100.9882353 99.937081 100.1713649 100.9686275 99.9264993 100.3211068 100.9215686 100.0550297 99.9971933 100.0117647 100.0810527 100.1495529 100.9411765 100.0856725 100.301942 100.9019608 100.0090925 100.3101315 100.9019608 99.9677973 100.3128228 100.9137255 100 100 100 100 100 100 100.0488639 100.3128124 100.9137255 100 100 100 100 100 100 99.9876406 99.8474975 100.027451 100.0105621 99.8449856 100.027451 99.972383 99.874816 100.0117647 100.0213732 99.872064 100.0 100 100 100 100 100 100 100 100 100 100 100 100 100 100 100 100 100 100
99.9969958 99.8638839 100.0078431 99.9480205 100.0108535 100.9764706 99.9356562 100.1686059 100.9568627 99.9235535 100.3237365 100.9098039 100.055111 99.9972085 100.0 100.0796454 100.1522614 100.9294118 100.0841935 100.3019709 100.8901961 100.0077 100.3128293 100.8901961 99.9678952 100.31553 100.8901961 100 100 100 100 100 100 100.0474724 100.3128109 100.8901961 100 100 100 100 100 100 99.9847947 99.8475126 100.0156863 100.0077079 99.8449653 100.0156863 99.9709723 99.8748041 100.0 100.0213798 99.8719934 100.0 100 100 100 100 100 100 100 100 100 100 100 100 100 100 100 100 100 100
