99.9970174 99.8612829 100.027451 99.9479389 100.0055008 100.0 99.9326478 100.1686949 100.9843137 99.9204466 100.3210929 100.9372549 100.0550979 99.9973428 100.0 100.0795708 100.149802 100.9647059 100.0750165 100.2830189 100.9176471 100.006115 100.3156507 100.9176471 99.9648328 100.3156489 100.9176471 100 100 100 100 100 100 100.044398 100.3129632 100.9176471 100 100 100 100 100 100 99.9862396 99.8448789 100.0352941 100.0091506 99.844898 100.0352941 99.9709908 99.8695338 100.027451 100.0213997 99.8694285 100.027451 100 100 100 100 100 100 100 100 100 100 100 100 100 100 100 100 100 100
99.9970298 99.8613034 100.027451 99.9479425 100.0055039 100.0 99.9326636 100.1660667 100.9843137 99.9218892 100.3211511 100.9372549 100.0550867 99.9973329 100.0 100.0795866 100.1498173 100.9647059 100.0765749 100.2884542 100.9176471 100.0061182 100.3075453 100.9176471 99.9648211 100.3075553 100.9176471 100 100 100 100 100 100 100.0443867 100.3048496 100.9176471 100 100 100 100 100 100 99.98625 99.8448979 100.0352941 100.0091689 99.8449184 100.0352941 99.9709858 99.8695361 100.027451 100.0214073 99.8694981 100.027451 100 100 100 100 100 100 100 100 100 100 100 100 100 100 100 100 100 100
99.9984667 99.8612499 100.0352941 99.9493808 100.0054942 100.0078431 99.9341195 100.1659911 100.9843137 99.9233526 100.3211142 100.9372549 100.0565389 99.9973369 100.0 100.0810086 100.1497648 100.9647059 100.0810458 100.2911235 100.9176471 100.0075965 100.3048105 100.9176471 99.9677836 100.3074866 100.9176471 100 100 100 100 100 100 100.0458889 100.3047908 100.9176471 100 100 100 100 100 100 99.9876842 99.8448471 100.0352941 100.0106051 99.8448633 100.0352941 99.9724417 99.8694942 100.0352941 100.022849 99.8694367 100.027451 100 100 100 100 100 100 100 100 100 100 100 100 100 100 100 100 100 100
99.9970248 99.8612085 100.0352941 99.947925 100.0081564 100.0078431 99.9326434 100.1686178 100.9843137 99.9218959 100.3210704 100.9372549 100.0550897 99.9973059 100.0 100.079549 100.1497272 100.9647059 100.0811059 100.2965334 100.9176471 100.0061394 100.3129372 100.9176471 99.9633103 100.3156378 100.9176471 100 100 100 100 100 100 100.0459146 100.3129325 100.9176471 100 100 100 100 100 100 99.9862444 99.8448242 100.0431373 100.00917 99.8448628 100.0431373 99.970989 99.8694744 100.027451 100.0214056 99.869454 100.027451 100 100 100 100 100 100 100 100 100 100 100 100 100 100 100 100 100 100
99.9970356 99.8612053 100.027451 99.947936 100.0054541 100.0 99.9326437 100.1686455 100.9764706 99.9219285 100.3211464 100.9294118 100.055095 99.9973515 100.0 100.0795848 100.1524846 100.9568627 100.0842062 100.3021824 100.9098039 100.0075996 100.3156372 100.9215686 99.9663276 100.318331 100.9215686 100 100 100 100 100 100 100.0459292 100.315639 100.9215686 100 100 100 100 100 100 99.9862568 99.8448196 100.027451 100.0091746 99.8448736 100.027451 99.9709987 99.8694786 100.027451 100.0214119 99.8694534 100.0196078 100 100 100 100 100 100 100 100 100 100 100 100 100 100 100 100 100 100
99.9970322 99.8612281 100.027451 99.9479304 100.0054461 100.0078431 99.9326416 100.1685926 100.9921569 99.921895 100.3211113 100.9372549 100.0551024 99.9973688 100.0 100.0810759 100.1660027 100.9647059 100.0842406 100.3075431 100.9176471 100.0075881 100.3156646 100.9294118 99.9633121 100.315664 100.9294118 100 100 100 100 100 100 100.045963 100.315656 100.9294118 100 100 100 100 100 100 99.9862692 99.8448324 100.0352941 100.0091738 99.8448778 100.0352941 99.9709927 99.8694987 100.027451 100.0214044 99.8694585 100.027451 100 100 100 100 100 100 100 100 100 100 100 100 100 100 100 100 100 100
99.9970515 99.8611822 100.0352941 99.9479278 100.0054844 100.0078431 99.9326546 100.1660223 100.9843137 99.9219078 100.3211344 100.9372549 100.0551068 99.997346 100.0 100.0796252 100.1605333 100.9647059 100.0857739 100.3074688 100.9176471 100.0061536 100.3183121 100.9294118 99.9618054 100.3183263 100.9294118 100 100 100 100 100 100 100.045966 100.3183194 100.9294118 100 100 100 100 100 100 99.9863036 99.8447895 100.0352941 100.0091949 99.8448525 100.0352941 99.9724083 99.8694475 100.0352941 100.0214163 99.8694746 100.027451 100 100 100 100 100 100 100 100 100 100 100 100 100 100 100 100 100 100
99.9984825 99.8611689 100.027451 99.9479306 100.005474 100.0 99.9326536 100.1686541 100.9843137 99.9218812 100.3211077 100.9294118 100.0551155 99.9973457 100.0 100.0780944 100.152462 100.9568627 100.0872849 100.3075125 100.9098039 100.0076104 100.318349 100.9098039 99.9648305 100.3183595 100.9098039 100 100 100 100 100 100 100.0459941 100.3183676 100.9098039 100 100 100 100 100 100 99.9877749 99.8423048 100.0352941 100.0092142 99.8448156 100.027451 99.9724244 99.8694294 100.0196078 100.0214249 99.8694451 100.0196078 100 100 100 100 100 100 100 100 100 100 100 100 100 100 100 100 100 100
99.9984894 99.8611579 100.0352941 99.9479475 100.0054189 100.0 99.932677 100.1658609 100.9843137 99.9188911 100.3183373 100.9372549 100.0551008 99.9973508 100.0 100.0795491 100.1550406 100.9647059 100.0903394 100.3074245 100.9176471 100.0076035 100.3156368 100.9176471 99.9633032 100.3182804 100.9294118 100 100 100 100 100 100 100.0474371 100.318316 100.9294118 100 100 100 100 100 100 99.9877903 99.8422744 100.0431373 100.0092395 99.844816 100.0352941 99.9724591 99.869333 100.0352941 100.0214476 99.8720376 100.027451 100 100 100 100 100 100 100 100 100 100 100 100 100 100 100 100 100 100
99.9984858 99.8611471 100.0196078 99.9479612 100.00542 100.9960784 99.9326295 100.1659554 100.9568627 99.9158479 100.3182663 100.9294118 100.0550887 99.9973547 100.0 100.0796164 100.1604992 100.9490196 100.0917849 100.3047299 100.9098039 100.0076214 100.3128807 100.9098039 99.9678664 100.3155694 100.9098039 100 100 100 100 100 100 100.0459842 100.3155898 100.9098039 100 100 100 100 100 100 99.9892622 99.8422596 100.027451 100.0092531 99.8448329 100.027451 99.9724581 99.86932 100.0196078 100.0214569 99.8721249 100.0196078 100 100 100 100 100 100 100 100 100 100 100 100 100 100 100 100 100 100
99.9984686 99.861145 100.027451 99.9479457 100.0027896 100.0078431 99.9326101 100.1632682 100.9843137 99.9112612 100.3128796 100.9372549 100.0550746 99.997381 100.0 100.0795054 100.1523916 100.9647059 100.0902858 100.3048145 100.9176471 100.0075902 100.3129011 100.9176471 99.9662796 100.3129126 100.9176471 100 100 100 100 100 100 100.0473983 100.315611 100.9176471 100 100 100 100 100 100 99.9892759 99.8422813 100.0431373 100.0092232 99.8448702 100.0431373 99.972444 99.8693431 100.027451 100.0214173 99.8721799 100.027451 100 100 100 100 100 100 100 100 100 100 100 100 100 100 100 100 100 100
99.9984646 99.8611475 100.027451 99.9464702 100.0053855 100.0 99.9265207 100.1578429 100.9764706 99.8975208 100.3019306 100.9294118 100.0550279 99.9973907 100.0 100.0780661 100.1551262 100.9568627 100.0887387 100.3048204 100.9098039 100.0060495 100.3128673 100.9098039 99.9617673 100.3101973 100.9098039 100 100 100 100 100 100 100.0444426 100.3156366 100.9098039 100 100 100 100 100 100 99.990786 99.8422875 100.0352941 100.009194 99.8448951 100.0352941 99.971005 99.8693815 100.027451 100.0199836 99.8775018 100.027451 100 100 100 100 100 100 100 100 100 100 100 100 100 100 100 100 100 100
99.9984779 99.8611194 100.0352941 99.9464667 100.005408 100.0 99.9234263 100.157739 100.9843137 99.8882819 100.2938512 100.945098 100.0550229 99.9973727 100.0 100.0780605 100.1577386 100.9647059 100.0872062 100.3074078 100.9176471 100.0060648 100.3101287 100.9176471 99.9647602 100.3074473 100.9176471 100 100 100 100 100 100 100.0444191 100.3128741 100.9176471 100 100 100 100 100 100 99.9907941 99.8447407 100.0431373 100.0091893 99.8448733 100.0431373 99.9724059 99.8693158 100.0352941 100.0213825 99.8775007 100.0352941 100 100 100 100 100 100 100 100 100 100 100 100 100 100 100 100 100 100
99.9984728 99.861206 100.0352941 99.946413 100.0053669 100.0078431 99.9203549 100.1550173 100.9843137 99.8745091 100.2802814 100.9843137 100.0535272 99.9999251 100.0 100.078006 100.1632254 100.9568627 100.0842013 100.3074752 100.9176471 100.0045423 100.3074616 100.9176471 99.9617639 100.3074184 100.9176471 100 100 100 100 100 100 100.0428932 100.3101731 100.9176471 100 100 100 100 100 100 99.9907779 99.8448285 100.0431373 100.0091607 99.844947 100.0431373 99.9709541 99.8693846 100.027451 100.0199091 99.8775144 100.027451 100 100 100 100 100 100 100 100 100 100 100 100 100 100 100 100 100 100
99.9984865 99.8637691 100.0352941 99.9449028 100.0026686 100.0078431 99.906708 100.1469968 100.9921569 99.8454293 100.2421302 100.6705882 100.0520372 99.9999556 100.0 100.0764865 100.1578175 100.9647059 100.0811328 100.3101365 100.9176471 100.0030511 100.3047363 100.9176471 99.9632713 100.3046967 100.9098039 100 100 100 100 100 100 100.0413525 100.3047575 100.9176471 100 100 100 100 100 100 99.989303 99.844863 100.0431373 100.0091798 99.8450136 100.0431373 99.970905 99.8694402 100.0352941 100.0198665 99.8802745 100.0352941 100 100 100 100 100 100 100 100 100 100 100 100 100 100 100 100 100 100
99.9984865 99.8637691 100.0352941 99.9449028 100.0026686 100.0078431 99.906708 100.1469968 100.9843137 99.8454293 100.2421302 100.9372549 100.0520372 99.9999556 100.0 100.0764865 100.1578175 100.9647059 100.0811328 100.3101365 100.9176471 100.0030511 100.3047363 100.9176471 99.9632713 100.3046967 100.9176471 100 100 100 100 100 100 100.0413525 100.3047575 100.9176471 100 100 100 100 100 100 99.989303 99.844863 100.0431373 100.0091798 99.8450136 100.0431373 99.970905 99.8694402 100.0352941 100.0198665 99.8802745 100.0352941 100 100 100 100 100 100 100 100 100 100 100 100 100 100 100 100 100 100
99.9999799 99.8638255 100.0352941 99.9434451 100.0000565 100.0078431 99.8944092 100.1306668 100.9921569 99.8117693 100.1959284 100.9176471 100.0505809 99.9999952 100.0 100.0750261 100.1605841 100.9647059 100.0781101 100.3047674 100.9176471 100.0015858 100.307501 100.9176471 99.9632586 100.3074952 100.9176471 100 100 100 100 100 100 100.0398815 100.3102082 100.9176471 100 100 100 100 100 100 99.9892799 99.8449369 100.054902 100.0107202 99.8476063 100.054902 99.9709522 99.8721429 100.0352941 100.0184215 99.8829327 100.0352941 100 100 100 100 100 100 100 100 100 100 100 100 100 100 100 100 100 100
100.0000002 99.8638029 100.0352941 99.9434227 100.0000057 100.0078431 99.8913059 100.1252309 100.9843137 99.7995316 100.1686775 100.9176471 100.0506026 99.9999982 100.0 100.0750275 100.1578061 100.9647059 100.0781286 100.3047999 100.9176471 100.0016283 100.3047668 100.9176471 99.9633019 100.304736 100.9176471 100 100 100 100 100 100 100.0413583 100.3047722 100.9176471 100 100 100 100 100 100 99.9892913 99.8449349 100.6705882 100.0107418 99.847577 100.0431373 99.972461 99.8721029 100.027451 100.0199386 99.88031 100.027451 100 100 100 100 100 100 100 100 100 100 100 100 100 100 100 100 100 100
99.9999912 99.8638451 100.0352941 99.9434116 100.0000035 100.0078431 99.8806648 100.1143383 100.9843137 99.7872951 100.1414804 100.9294118 100.0519943 100.0000169 100.0 100.0750124 100.1551743 100.9568627 100.0780659 100.3021354 100.9176471 100.0030205 100.3048213 100.9176471 99.9632989 100.3047934 100.9176471 100 100 100 100 100 100 100.0413551 100.3075117 100.9176471 100 100 100 100 100 100 99.9892857 99.8449542 100.054902 100.0107399 99.8476063 100.6705882 99.972445 99.8721235 100.0352941 100.0199147 99.8829273 100.0352941 100 100 100 100 100 100 100 100 100 100 100 100 100 100 100 100 100 100
100.0000558 99.8664406 100.0352941 99.9419574 99.9999397 100.0 99.8699622 100.0924181 100.9921569 99.7719904 100.0843364 100.9294118 100.0520195 100.0026082 100.9921569 100.0750454 100.1604143 100.945098 100.0766234 100.3046254 100.9176471 100.0030724 100.3073325 100.9176471 99.9647696 100.3073181 100.9176471 100 100 100 100 100 100 100.0413995 100.3073606 100.9176471 100 100 100 100 100 100 99.9893417 99.8475525 100.6705882 100.0122478 99.8501956 100.6705882 99.9740017 99.8747529 100.0352941 100.0214474 99.8828515 100.0352941 100 100 100 100 100 100 100 100 100 100 100 100 100 100 100 100 100 100
100.0000679 99.8664748 100.054902 99.9419185 99.9998784 100.0117647 99.8668842 100.0841623 100.0 99.7689124 100.0623788 100.9411765 100.0520228 100.0026652 100.0 100.0750475 100.1630829 100.9568627 100.0766212 100.3045678 100.9294118 100.0030952 100.3100477 100.9294118 99.9648048 100.3100243 100.9294118 100 100 100 100 100 100 100.0428828 100.3127743 100.9294118 100 100 100 100 100 100 99.9893583 99.8475739 100.6823529 100.0122472 99.8502101 100.6823529 99.97403 99.8747243 100.0392157 100.0214666 99.8828441 100.0392157 100 100 100 100 100 100 100 100 100 100 100 100 100 100 100 100 100 100
100.0015095 99.8665942 100.0745098 99.94191 99.999847 100.0196078 99.8607577 100.070666 100.0196078 99.7673707 100.0407167 100.9647059 100.05205 100.0053663 100.0 100.0750676 100.1632197 100.9647059 100.0766227 100.3047446 100.9372549 100.0031247 100.3047751 100.9372549 99.9648462 100.3047816 100.9372549 100 100 100 100 100 100 100.0414228 100.3074562 100.9372549 100 100 100 100 100 100 99.9893821 99.8476932 100.6901961 100.01228 99.8503462 100.6901961 99.9740527 99.8748111 100.0627451 100.0215054 99.8855775 100.054902 100 100 100 100 100 100 100 100 100 100 100 100 100 100 100 100 100 100
100.0030279 99.8666488 100.0745098 99.943373 99.9972389 100.027451 99.8575938 100.0544907 100.0196078 99.7688649 100.0027224 100.9764706 100.0535077 100.0054515 100.0 100.0765182 100.1632639 100.9647059 100.0780804 100.3049131 100.9372549 100.0046129 100.3102165 100.9490196 99.9663096 100.3102514 100.9490196 100 100 100 100 100 100 100.0443916 100.3129328 100.9490196 100 100 100 100 100 100 99.9908813 99.847696 100.6901961 100.015213 99.8504165 100.6901961 99.9769975 99.8722345 100.0627451 100.0244977 99.885698 100.054902 100 100 100 100 100 100 100 100 100 100 100 100 100 100 100 100 100 100
100.0045759 99.8666286 100.054902 99.9434208 99.9973171 100.027451 99.8560899 100.0489572 100.0 99.7718779 99.9945603 100.9921569 100.0536215 100.0054381 100.0 100.0780329 100.1632617 100.9647059 100.0796058 100.3074449 100.9372549 100.006078 100.3102345 100.9490196 99.9663384 100.3102232 100.9490196 100 100 100 100 100 100 100.0443946 100.3129008 100.9490196 100 100 100 100 100 100 99.9938111 99.8476724 100.6901961 100.0167534 99.8503703 100.6901961 99.9785344 99.8722094 100.054902 100.0274984 99.885648 100.054902 100 100 100 100 100 100 100 100 100 100 100 100 100 100 100 100 100 100
100.004596 99.8666118 100.0745098 99.9434018 99.9972969 100.0313725 99.8545828 100.0436321 100.0392157 99.7719067 99.9783876 100.0 100.0536218 100.0054759 100.0 100.0780069 100.1659314 100.9764706 100.0796105 100.3048743 100.9490196 100.006117 100.3102403 100.9607843 99.9678226 100.3129159 100.9607843 100 100 100 100 100 100 100.0444219 100.3129189 100.9607843 100 100 100 100 100 100 99.9938287 99.8476615 100.1019608 100.0167727 99.8503828 100.1019608 99.9785393 99.8722037 100.0745098 100.0274875 99.885659 100.0666667 100 100 100 100 100 100 100 100 100 100 100 100 100 100 100 100 100 100
100.0046411 99.8666299 100.0470588 99.9434132 99.9973214 100.027451 99.8531128 100.0409073 100.0078431 99.7720227 99.9673855 100.0 100.0536403 100.0054406 100.0 100.0780302 100.1659977 100.9568627 100.0796466 100.3075158 100.9372549 100.0061259 100.3074608 100.9372549 99.9663752 100.3048184 100.9372549 100 100 100 100 100 100 100.0444334 100.3075 100.9372549 100 100 100 100 100 100 99.993874 99.8476915 100.6901961 100.0168064 99.850399 100.6901961 99.9785777 99.8722068 100.054902 100.0275415 99.8857521 100.054902 100 100 100 100 100 100 100 100 100 100 100 100 100 100 100 100 100 100
100.006163 99.8666754 100.0627451 99.9448959 99.9973291 100.0196078 99.8545698 100.0408501 100.0196078 99.7749582 99.9619666 100.0078431 100.0551352 100.005448 100.0078431 100.0795393 100.1686427 100.9647059 100.0811707 100.3048912 100.9372549 100.0076544 100.3074809 100.9372549 99.9693501 100.3048315 100.9372549 100 100 100 100 100 100 100.0459462 100.3075453 100.9372549 100 100 100 100 100 100 99.9953829 99.847712 100.6901961 100.0183199 99.8504352 100.6901961 99.9800776 99.8722153 100.0627451 100.0290472 99.8857499 100.054902 100 100 100 100 100 100 100 100 100 100 100 100 100 100 100 100 100 100
100.0061361 99.8666434 100.0627451 99.9448997 99.9973115 100.0196078 99.8545942 100.0407923 100.027451 99.7749804 99.9592126 100.0 100.0551407 100.0054456 100.0 100.0795496 100.1687526 100.9568627 100.0811639 100.3101664 100.9490196 100.0061639 100.310226 100.9490196 99.9678146 100.3102277 100.9490196 100 100 100 100 100 100 100.0444369 100.3128929 100.9490196 100 100 100 100 100 100 99.9953723 99.84769 100.1019608 100.0183076 99.8503814 100.1019608 99.9800768 99.8721854 100.0627451 100.0290531 99.8857294 100.0627451 100 100 100 100 100 100 100 100 100 100 100 100 100 100 100 100 100 100
100.0046262 99.8666862 100.0470588 99.9434326 99.9972979 100.027451 99.8530818 100.0407273 100.0196078 99.7734947 99.9591468 100.0196078 100.0536407 100.0054577 100.0 100.0780515 100.1686323 100.9568627 100.0796835 100.3102129 100.9372549 100.0046535 100.3102319 100.9372549 99.9662946 100.3101771 100.9372549 100 100 100 100 100 100 100.0443954 100.312943 100.9490196 100 100 100 100 100 100 99.9938618 99.8477314 100.0745098 100.0167951 99.8504333 100.0823529 99.9785801 99.8722237 100.0470588 100.0275477 99.8857712 100.054902 100 100 100 100 100 100 100 100 100 100 100 100 100 100 100 100 100 100
100.0061159 99.8666927 100.054902 99.9448905 99.9973211 100.0196078 99.85455 100.0407383 100.0078431 99.7749636 99.9591423 100.0 100.0551352 100.0054409 100.0 100.0795461 100.165999 100.9568627 100.0811902 100.3101596 100.9490196 100.0076086 100.3128958 100.9490196 99.9693075 100.3129036 100.9490196 100 100 100 100 100 100 100.0459251 100.3129321 100.9490196 100 100 100 100 100 100 99.9953544 99.8477348 100.6901961 100.0182849 99.8504489 100.0823529 99.9800576 99.8748143 100.054902 100.0290249 99.8857631 100.054902 100 100 100 100 100 100 100 100 100 100 100 100 100 100 100 100 100 100
100.0061038 99.8666917 100.0431373 99.9449053 99.997305 100.0 99.8530836 100.0407252 100.9921569 99.7749534 99.9592798 100.9843137 100.0551469 100.0054537 100.9921569 100.079549 100.1659309 100.9372549 100.0826299 100.3074911 100.9176471 100.0061326 100.3156247 100.9294118 99.9662913 100.3156036 100.9294118 100 100 100 100 100 100 100.0458985 100.31564470000001 100.9294118 100 100 100 100 100 100 99.9953449 99.8477768 100.6705882 100.0168623 99.8504427 100.0980392 99.9800592 99.8747973 100.0352941 100.0290231 99.8882807 100.027451 100 100 100 100 100 100 100 100 100 100 100 100 100 100 100 100 100 100
100.0060681 99.8667114 100.0627451 99.9449112 99.9973418 100.0196078 99.8545829 100.0407687 100.027451 99.7735203 99.9619679 100.0078431 100.0551442 100.0054008 100.0 100.0795684 100.1632835 100.9647059 100.0826429 100.3075138 100.9372549 100.0061462 100.3129112 100.9490196 99.9663304 100.3128835 100.9372549 100 100 100 100 100 100 100.0459002 100.3129292 100.9490196 100 100 100 100 100 100 99.9939379 99.8502938 100.6901961 100.0168338 99.853032 100.6901961 99.9800385 99.8748107 100.054902 100.0275204 99.8856966 100.054902 100 100 100 100 100 100 100 100 100 100 100 100 100 100 100 100 100 100
100.0075904 99.8666493 100.054902 99.9463543 99.9998869 100.0196078 99.856121 100.0407817 100.0078431 99.7750527 99.9673089 100.0078431 100.0566773 100.0053977 100.0078431 100.0811212 100.168688 100.9568627 100.0841598 100.3074997 100.9490196 100.0076871 100.3128866 100.9490196 99.9693328 100.3128956 100.9490196 100 100 100 100 100 100 100.0474391 100.3128849 100.9490196 100 100 100 100 100 100 99.9954653 99.847749 100.6901961 100.0183544 99.8530004 100.6901961 99.9801119 99.8748401 100.054902 100.0275453 99.8857093 100.054902 100 100 100 100 100 100 100 100 100 100 100 100 100 100 100 100 100 100
100.0075764 99.8666238 100.0666667 99.9463902 99.9999059 100.0392157 99.8561187 100.0408856 100.0313725 99.7750612 99.9699744 100.0117647 100.0566766 100.0053745 100.0117647 100.0811098 100.1632577 100.9764706 100.0841688 100.3075089 100.9607843 100.0076743 100.3128946 100.9607843 99.9678806 100.3128558 100.9607843 100 100 100 100 100 100 100.0474488 100.3155718 100.9607843 100 100 100 100 100 100 99.9954436 99.8477248 100.7019608 100.0183485 99.8504044 100.7019608 99.980089 99.8748789 100.0666667 100.0275685 99.8857231 100.0666667 100 100 100 100 100 100 100 100 100 100 100 100 100 100 100 100 100 100
100.0060865 99.8666226 100.0470588 99.9463674 99.9998792 100.027451 99.8561128 100.0435784 100.027451 99.7764555 99.975524 100.0078431 100.0566403 100.0028161 100.0 100.0810846 100.1659776 100.9647059 100.0841434 100.3074873 100.9490196 100.0076017 100.3129273 100.9490196 99.9662955 100.3129272 100.9490196 100 100 100 100 100 100 100.0459547 100.3156032 100.9490196 100 100 100 100 100 100 99.9953806 99.8477199 100.6901961 100.0182883 99.8504151 100.6901961 99.9785343 99.8775687 100.0470588 100.0274891 99.8882825 100.054902 100 100 100 100 100 100 100 100 100 100 100 100 100 100 100 100 100 100
100.0060544 99.8666459 100.0627451 99.9463646 99.9999002 100.027451 99.8576138 100.0462763 100.0196078 99.7750319 99.978272 100.0 100.0566547 100.0028069 100.0 100.0811059 100.1686115 100.9647059 100.0841512 100.3074187 100.9490196 100.0076642 100.3183347 100.9490196 99.9693326 100.3210578 100.9490196 100 100 100 100 100 100 100.0474563 100.3183236 100.9490196 100 100 100 100 100 100 99.9953596 99.8477409 100.6901961 100.0167879 99.8504039 100.6901961 99.977051 99.8775783 100.054902 100.0259872 99.8857045 100.054902 100 100 100 100 100 100 100 100 100 100 100 100 100 100 100 100 100 100
100.0060516 99.8666344 100.054902 99.946396 99.9999018 100.027451 99.8591694 100.0544199 100.0196078 99.7749884 99.9917461 100.0 100.0566535 100.0027864 100.0 100.0811098 100.1685804 100.9647059 100.0827291 100.3048242 100.9372549 100.0076628 100.3156217 100.9490196 99.9678629 100.3156332 100.9490196 100 100 100 100 100 100 100.0474583 100.3156331 100.9490196 100 100 100 100 100 100 99.9953691 99.8477263 100.6901961 100.0153224 99.8504376 100.0745098 99.9770447 99.880265 100.054902 100.0244886 99.8857412 100.054902 100 100 100 100 100 100 100 100 100 100 100 100 100 100 100 100 100 100
100.0045582 99.8666125 100.0352941 99.9464236 99.9998824 100.0 99.8622158 100.0652462 100.0 99.7734562 100.0162103 100.9568627 100.0566302 100.0027523 100.0 100.0810678 100.1659259 100.9568627 100.0826993 100.307451 100.9176471 100.0076458 100.315593 100.9294118 99.9678095 100.3155832 100.9294118 100 100 100 100 100 100 100.0474234 100.3182889 100.9294118 100 100 100 100 100 100 99.9953173 99.847715 100.6705882 100.0152794 99.8504003 100.0627451 99.9770123 99.8802539 100.0352941 100.0244899 99.8856909 100.0352941 100 100 100 100 100 100 100 100 100 100 100 100 100 100 100 100 100 100
100.004544 99.8665378 100.0352941 99.9464648 99.9999175 100.0 99.8652858 100.0707352 100.0078431 99.774941 100.0298936 100.9568627 100.0566195 100.0027156 100.0 100.081097 100.1659495 100.945098 100.0826976 100.3074981 100.9176471 100.0076383 100.3101054 100.9294118 99.9663133 100.3074509 100.9176471 100 100 100 100 100 100 100.0459569 100.3101271 100.9294118 100 100 100 100 100 100 99.9953084 99.8476491 100.0431373 100.0152738 99.8503015 100.0431373 99.9755434 99.880186 100.027451 100.024498 99.885611 100.0352941 100 100 100 100 100 100 100 100 100 100 100 100 100 100 100 100 100 100
100.0045637 99.8665345 100.027451 99.9478913 99.9999215 100.0078431 99.8698882 100.0843168 100.9764706 99.7749259 100.048875 100.9294118 100.056617 100.0026942 100.0 100.0810743 100.1658808 100.9490196 100.0826808 100.3100971 100.9098039 100.006137 100.3073975 100.9098039 99.9632414 100.3046578 100.9098039 100 100 100 100 100 100 100.0458972 100.3074203 100.9098039 100 100 100 100 100 100 99.9953162 99.8476408 100.0470588 100.0152852 99.8503156 100.0470588 99.9755374 99.8801967 100.027451 100.0244876 99.8856528 100.027451 100 100 100 100 100 100 100 100 100 100 100 100 100 100 100 100 100 100
100.003056 99.8639288 100.027451 99.946425 100.0000009 100.0078431 99.8729669 100.1060356 100.9647059 99.7750436 100.0925318 100.9294118 100.0550913 100.0000857 100.0 100.0795393 100.1659493 100.9372549 100.0811566 100.3047908 100.9098039 100.0060752 100.3102264 100.9098039 99.9632981 100.307505 100.9098039 100 100 100 100 100 100 100.0443911 100.3102591 100.9098039 100 100 100 100 100 100 99.9938109 99.8450139 100.0352941 100.0137892 99.8477158 100.0352941 99.9740106 99.8748465 100.027451 100.0229842 99.8830902 100.027451 100 100 100 100 100 100 100 100 100 100 100 100 100 100 100 100 100 100
100.0030789 99.8638491 100.027451 99.946412 99.9999905 100.0078431 99.8790679 100.1089159 100.9960784 99.7796166 100.1250412 100.9372549 100.0550614 100.000037 100.0 100.0795141 100.1632342 100.9490196 100.081131 100.3046619 100.9098039 100.0045976 100.3074061 100.9098039 99.9617185 100.3020283 100.9098039 100 100 100 100 100 100 100.0443466 100.3101287 100.9098039 100 100 100 100 100 100 99.9938149 99.8449615 100.0352941 100.013789 99.8476401 100.0352941 99.9739987 99.8721187 100.027451 100.0229545 99.8830054 100.027451 100 100 100 100 100 100 100 100 100 100 100 100 100 100 100 100 100 100
100.0045673 99.8638764 100.0 99.9479166 100.000026 100.0 99.8851661 100.1250703 100.9882353 99.7887064 100.1497081 100.9294118 100.0565331 100.0000145 100.0 100.0810065 100.1604799 100.9411765 100.0826196 100.3020993 100.9019608 100.0075768 100.3073978 100.9137255 99.9647525 100.3046883 100.9019608 100 100 100 100 100 100 100.0459167 100.3074299 100.9137255 100 100 100 100 100 100 99.9953306 99.8449367 100.027451 100.0152924 99.8502463 100.0196078 99.975503 99.8720303 100.0 100.0244596 99.8855586 100.0196078 100 100 100 100 100 100 100 100 100 100 100 100 100 100 100 100 100 100
100.004597 99.8612209 100.0196078 99.9479539 100.0027324 100.0 99.8929002 100.1388176 100.9764706 99.804134 100.2094443 100.9215686 100.0551022 99.9973324 100.0 100.0795665 100.1550854 100.9411765 100.0826274 100.302003 100.9019608 100.0061285 100.3020934 100.9019608 99.9618113 100.3020294 100.9019608 100 100 100 100 100 100 100.0458823 100.3047473 100.9019608 100 100 100 100 100 100 99.9953645 99.842275 100.0392157 100.0153323 99.8450083 100.027451 99.9755208 99.8667201 100.0196078 100.0230445 99.8803141 100.0196078 100 100 100 100 100 100 100 100 100 100 100 100 100 100 100 100 100 100
100.0046329 99.8611431 100.0196078 99.947991 100.0080769 100.9960784 99.9004827 100.1441041 100.9686275 99.817881 100.2338579 100.8941176 100.0551176 99.9972379 100.0 100.0795877 100.1550325 100.9411765 100.0841252 100.3019831 100.9137255 100.0061479 100.3074303 100.9019608 99.9618243 100.3074045 100.9137255 100 100 100 100 100 100 100.0459775 100.3101262 100.9019608 100 100 100 100 100 100 99.996861 99.8421828 100.0392157 100.0153434 99.8449423 100.0470588 99.9755566 99.866622 100.0117647 100.0245155 99.8801843 100.0196078 100 100 100 100 100 100 100 100 100 100 100 100 100 100 100 100 100 100
100.0075307 99.8612015 100.0196078 99.9494094 100.0081056 100.9960784 99.9050547 100.1468836 100.9686275 99.8315515 100.2557034 100.9137255 100.0565145 99.9972498 100.0 100.0810597 100.1497124 100.9490196 100.084129 100.3020738 100.9019608 100.0075853 100.3020524 100.9019608 99.9646952 100.3020277 100.9019608 100 100 100 100 100 100 100.0474053 100.3020643 100.9019608 100 100 100 100 100 100 99.9983011 99.8422249 100.027451 100.0167429 99.8450037 100.027451 99.9769291 99.8666937 100.0196078 100.0244897 99.8802479 100.0196078 100 100 100 100 100 100 100 100 100 100 100 100 100 100 100 100 100 100
100.0030101 99.8638433 100.0196078 99.9494463 100.0080423 100.9960784 99.9142309 100.1549763 100.9686275 99.8545259 100.2964628 100.9215686 100.0550255 99.9973295 100.0 100.0780231 100.1522884 100.9490196 100.0841515 100.3020861 100.9019608 100.007586 100.3046947 100.9019608 99.9647154 100.3046749 100.9019608 100 100 100 100 100 100 100.0473957 100.3073652 100.9019608 100 100 100 100 100 100 99.9953246 99.8448402 100.027451 100.0137256 99.8475436 100.027451 99.9754506 99.8693678 100.0196078 100.0244432 99.8801908 100.0117647 100 100 100 100 100 100 100 100 100 100 100 100 100 100 100 100 100 100
100.0030079 99.8638064 100.0196078 99.9494529 100.0080532 100.9960784 99.9188407 100.1550006 100.9686275 99.8683359 100.3045963 100.9215686 100.0535223 99.9973154 100.0 100.0765214 100.1496168 100.9490196 100.0841593 100.3019121 100.9019608 100.009142 100.3046863 100.9019608 99.966281 100.3046469 100.9019608 100 100 100 100 100 100 100.0474718 100.3073719 100.9019608 100 100 100 100 100 100 99.9938485 99.8448025 100.027451 100.0137202 99.8475725 100.027451 99.9754127 99.8693131 100.0196078 100.0244351 99.8828467 100.0196078 100 100 100 100 100 100 100 100 100 100 100 100 100 100 100 100 100 100
100.0015385 99.8638113 100.0 99.9494536 100.0080386 100.9843137 99.9234657 100.1657915 100.9568627 99.880602 100.312803 100.9098039 100.0520555 99.9973131 100.0 100.0765337 100.1496791 100.9372549 100.0841896 100.3018739 100.8901961 100.0076382 100.3073747 100.8901961 99.9647496 100.3046981 100.8901961 100 100 100 100 100 100 100.0474635 100.3074033 100.8901961 100 100 100 100 100 100 99.9923004 99.8448043 100.0156863 100.0122988 99.8475165 100.0156863 99.9739941 99.86938 100.0 100.0244288 99.8801132 100.0 100 100 100 100 100 100 100 100 100 100 100 100 100 100 100 100 100 100
100.0015055 99.8638063 100.0 99.9494683 100.0054087 100.9843137 99.9265069 100.1632069 100.945098 99.8943602 100.3183166 100.9019608 100.0520315 99.9973272 100.0 100.0765325 100.1522941 100.9372549 100.0841933 100.3019329 100.8901961 100.0091154 100.3074061 100.8901961 99.9648159 100.307364 100.8901961 100 100 100 100 100 100 100.0474648 100.3101181 100.8901961 100 100 100 100 100 100 99.989339 99.8448135 100.0156863 100.0122626 99.8475305 100.0156863 99.9739694 99.8693731 100.0 100.0230191 99.8801322 100.0 100 100 100 100 100 100 100 100 100 100 100 100 100 100 100 100 100 100
100.0001049 99.8611718 100.0196078 99.9494482 100.0054905 100.9960784 99.9342231 100.1660542 100.9568627 99.914313 100.3211647 100.9215686 100.0505804 99.9947177 100.0117647 100.0750906 100.1497041 100.9490196 100.0842399 100.2993665 100.9019608 100.0077073 100.3048293 100.9019608 99.9663634 100.3102251 100.9137255 100 100 100 100 100 100 100.0474862 100.3047965 100.9019608 100 100 100 100 100 100 99.9893032 99.8422275 100.027451 100.0122601 99.844894 100.027451 99.9739465 99.8667917 100.0196078 100.0230211 99.8748243 100.0117647 100 100 100 100 100 100 100 100 100 100 100 100 100 100 100 100 100 100
100.0000901 99.8611743 100.0117647 99.9480287 100.0081412 100.9882353 99.9357625 100.1661061 100.9568627 99.9249946 100.3211978 100.9294118 100.0505655 99.9946865 100.0117647 100.0750776 100.1470698 100.9490196 100.0842373 100.2993548 100.9019608 100.0061816 100.3020671 100.9019608 99.9648469 100.3021027 100.9019608 100 100 100 100 100 100 100.0474515 100.3020603 100.9019608 100 100 100 100 100 100 99.9878872 99.842228 100.027451 100.0122263 99.8423726 100.027451 99.973943 99.8667094 100.0117647 100.0230015 99.8721897 100.0 100 100 100 100 100 100 100 100 100 100 100 100 100 100 100 100 100 100
100.0000753 99.8637483 100.0196078 99.9480197 100.0107265 100.9882353 99.9372404 100.1686796 100.9568627 99.9266059 100.3236916 100.9215686 100.0505706 99.9972318 100.0 100.0750913 100.1522851 100.9490196 100.0842516 100.3019401 100.9019608 100.0092145 100.3046554 100.9019608 99.9709667 100.3046878 100.9019608 100 100 100 100 100 100 100.047479 100.3046516 100.9019608 100 100 100 100 100 100 99.9878823 99.8448129 100.027451 100.0108024 99.8474665 100.027451 99.9739304 99.869348 100.0117647 100.0229426 99.8720385 100.0117647 100 100 100 100 100 100 100 100 100 100 100 100 100 100 100 100 100 100
100.0000593 99.8637665 100.0117647 99.9480254 100.010716 100.9882353 99.9372617 100.1685949 100.9686275 99.9266167 100.3236557 100.9215686 100.0505617 99.9972354 100.0117647 100.075093 100.1496243 100.9490196 100.0842666 100.3018688 100.9019608 100.0092103 100.3046443 100.9019608 99.9709481 100.3046649 100.9019608 100 100 100 100 100 100 100.0474926 100.3046469 100.9019608 100 100 100 100 100 100 99.9878574 99.8448633 100.027451 100.0107693 99.8449438 100.027451 99.9725065 99.8719908 100.0117647 100.0229313 99.8719959 100.0 100 100 100 100 100 100 100 100 100 100 100 100 100 100 100 100 100 100
99.9999882 99.8637852 100.0 99.9480128 100.0081205 100.9764706 99.9357479 100.1658779 100.9647059 99.9249999 100.3237726 100.9176471 100.0505865 99.997244 100.0 100.0765353 100.1496041 100.9372549 100.0842358 100.3019229 100.8901961 100.0091877 100.3128072 100.8901961 99.967889 100.3155119 100.8901961 100 100 100 100 100 100 100.0475252 100.3127942 100.8901961 100 100 100 100 100 100 99.9877947 99.8448722 100.0156863 100.0107143 99.8449644 100.0156863 99.9724852 99.8720412 100.0 100.021479 99.8747534 100.9921569 100 100 100 100 100 100 100 100 100 100 100 100 100 100 100 100 100 100
99.9999513 99.8637914 100.0 99.9494258 100.0107228 100.9843137 99.9326658 100.1685937 100.9568627 99.9219228 100.3236356 100.9098039 100.0520587 99.9972449 100.0 100.0780594 100.1522873 100.9372549 100.0842316 100.3019424 100.8901961 100.0091644 100.3155234 100.9019608 99.9663429 100.3155582 100.9019608 100 100 100 100 100 100 100.0489565 100.3155175 100.9019608 100 100 100 100 100 100 99.9877594 99.8448713 100.0156863 100.0106874 99.8449518 100.0156863 99.9724673 99.8720759 100.0 100.0228894 99.8747123 100.9921569 100 100 100 100 100 100 100 100 100 100 100 100 100 100 100 100 100 100
99.9999407 99.8612316 100.0196078 99.9494282 100.0081824 100.9882353 99.9311274 100.1632998 100.9686275 99.9158255 100.3185087 100.9215686 100.0520691 99.9946727 100.0 100.0780483 100.1470782 100.9490196 100.0842373 100.2993995 100.9019608 100.0092099 100.3129402 100.9019608 99.9678466 100.3129849 100.9019608 100 100 100 100 100 100 100.0489851 100.3129452 100.9019608 100 100 100 100 100 100 99.9877317 99.8423197 100.027451 100.0106841 99.8423668 100.027451 99.9724687 99.8721363 100.0117647 100.0229022 99.8721273 100.0 100 100 100 100 100 100 100 100 100 100 100 100 100 100 100 100 100 100
99.9984886 99.8611993 100.0196078 99.94943 100.0082178 100.9882353 99.9280242 100.1606154 100.9686275 99.9141961 100.3184204 100.9137255 100.0550402 99.9946782 100.0 100.0795289 100.147028 100.9490196 100.0856284 100.2993604 100.9019608 100.0091383 100.3129322 100.9137255 99.9648015 100.3129604 100.9137255 100 100 100 100 100 100 100.04891 100.31293 100.9137255 100 100 100 100 100 100 99.9876678 99.8422893 100.027451 100.0106399 99.8422888 100.027451 99.9724301 99.8695051 100.0117647 100.0228867 99.8694256 100.0 100 100 100 100 100 100 100 100 100 100 100 100 100 100 100 100 100 100
99.9984872 99.8637845 100.0117647 99.9494255 100.0081027 100.9882353 99.928001 100.1604896 100.9686275 99.9127088 100.3182732 100.9215686 100.055041 99.9973147 100.0117647 100.0810434 100.1523018 100.9411765 100.0855964 100.3020135 100.9019608 100.0091399 100.3155895 100.9019608 99.9647985 100.3182635 100.9019608 100 100 100 100 100 100 100.0489055 100.3155777 100.9019608 100 100 100 100 100 100 99.9876632 99.8449178 100.027451 100.0106137 99.8449023 100.027451 99.9724149 99.8747694 100.0117647 100.0228761 99.872076 100.0 100 100 100 100 100 100 100 100 100 100 100 100 100 100 100 100 100 100
99.9984704 99.8637717 100.0196078 99.9494308 100.0081135 100.9960784 99.9280079 100.1604908 100.9764706 99.9126752 100.3155678 100.9215686 100.0550361 99.9972947 100.0078431 100.0795279 100.1523534 100.9490196 100.0856021 100.3020095 100.9098039 100.0090822 100.3182389 100.9215686 99.9647401 100.318257 100.9215686 100 100 100 100 100 100 100.0474409 100.318234 100.9215686 100 100 100 100 100 100 99.9876508 99.8449072 100.0352941 100.0106022 99.8448717 100.0352941 99.9738403 99.8747433 100.0196078 100.0228769 99.8693773 100.0196078 100 100 100 100 100 100 100 100 100 100 100 100 100 100 100 100 100 100
