100.0015227 99.8557328 100.0078431 99.9418411 100.0000499 100.9960784 99.923455 100.1604586 100.9843137 99.9142681 100.3291016 100.9215686 100.0581849 99.9999159 100.0 100.0842387 100.1714224 100.9372549 100.0887571 100.326515 100.9215686 100.0030486 100.3292482 100.9215686 99.9617509 100.3292011 100.9019608 100 100 100 100 100 100 100.0458828 100.3319363 100.9215686 100 100 100 100 100 100 99.9907991 99.8448419 100.0078431 100.0122175 99.8447563 100.0078431 99.9739655 99.8719717 100.0196078 100.0259864 99.8692914 100.0 100 100 100 100 100 100 100 100 100 100 100 100 100 100 100 100 100 100
100.0015294 99.8557373 100.0196078 99.9418465 100.0000523 100.0196078 99.9234645 100.1605247 100.9960784 99.9142717 100.3291454 100.9490196 100.0581885 99.9999078 100.0 100.0842294 100.1713659 100.9686275 100.0887637 100.3265249 100.9294118 100.003027 100.3319438 100.9294118 99.9617636 100.33194 100.9294118 100 100 100 100 100 100 100.0458364 100.3346491 100.9294118 100 100 100 100 100 100 99.9908156 99.8448469 100.027451 100.0122154 99.844762 100.027451 99.9739618 99.8719751 100.027451 100.0259886 99.8692695 100.0196078 100 100 100 100 100 100 100 100 100 100 100 100 100 100 100 100 100 100
100.0015059 99.8557184 100.0196078 99.9418332 100.000071 100.0117647 99.9234749 100.1605189 100.0 99.9142723 100.3291094 100.9411765 100.0581787 99.9998862 100.0 100.0856609 100.1713426 100.9568627 100.0902448 100.3264368 100.9215686 100.0030357 100.3292522 100.9215686 99.9617365 100.3292481 100.9294118 100 100 100 100 100 100 100.0458551 100.3319241 100.9215686 100 100 100 100 100 100 99.9907941 99.8448272 100.0196078 100.0122103 99.8421827 100.0196078 99.9739497 99.8694725 100.027451 100.0259901 99.8692582 100.0117647 100 100 100 100 100 100 100 100 100 100 100 100 100 100 100 100 100 100
100.0014747 99.8557175 100.0 99.9418241 100.0025905 100.9960784 99.92345 100.163257 100.9764706 99.9142554 100.3292051 100.9294118 100.0595994 99.999876 100.0 100.0856503 100.1686822 100.9372549 100.0887647 100.3265757 100.9098039 100.003021 100.3346436 100.9098039 99.9617344 100.3346263 100.9098039 100 100 100 100 100 100 100.0458536 100.3373819 100.9098039 100 100 100 100 100 100 99.990766 99.8448199 100.0078431 100.012177 99.8421838 100.0078431 99.9739431 99.8694448 100.0196078 100.0259693 99.8692658 100.9960784 100 100 100 100 100 100 100 100 100 100 100 100 100 100 100 100 100 100
100.0014977 99.8557387 100.027451 99.9433045 100.0000891 100.027451 99.923447 100.1659575 100.0 99.9142438 100.3292416 100.9490196 100.0596035 99.9998837 100.0 100.0856433 100.1713707 100.9568627 100.0887443 100.3264252 100.9294118 100.0030028 100.3292874 100.9294118 99.9617093 100.3319272 100.9372549 100 100 100 100 100 100 100.0458239 100.3319423 100.9294118 100 100 100 100 100 100 99.9907721 99.8448405 100.0352941 100.0122037 99.8421753 100.0352941 99.9739483 99.8694561 100.0352941 100.0259655 99.8667068 100.0196078 100 100 100 100 100 100 100 100 100 100 100 100 100 100 100 100 100 100
100.0014898 99.8557423 100.0196078 99.9418079 100.0026042 100.0117647 99.9234512 100.1632832 100.9960784 99.9127747 100.3291737 100.9490196 100.0596023 99.999857 100.0 100.0856225 100.1687191 100.9764706 100.0887421 100.3264648 100.9294118 100.0029835 100.3292469 100.9294118 99.9617018 100.3292439 100.9294118 100 100 100 100 100 100 100.0458017 100.3319237 100.9294118 100 100 100 100 100 100 99.9907672 99.8448497 100.027451 100.0121778 99.8421763 100.027451 99.9739509 99.8694219 100.0392157 100.0259752 99.8666736 100.0117647 100 100 100 100 100 100 100 100 100 100 100 100 100 100 100 100 100 100
100.0015561 99.8531707 100.0078431 99.9418459 100.000087 100.0078431 99.9220113 100.163276 100.9843137 99.9112167 100.329277 100.9294118 100.0581459 99.9998749 100.0 100.0841836 100.1740162 100.9568627 100.0887624 100.3266024 100.9176471 100.0000436 100.3319778 100.9176471 99.9601973 100.3320194 100.9098039 100 100 100 100 100 100 100.0443332 100.3320173 100.9176471 100 100 100 100 100 100 99.9908309 99.8448207 100.0156863 100.0107864 99.8421512 100.0156863 99.9725316 99.8694664 100.027451 100.0260403 99.8667244 100.0 100 100 100 100 100 100 100 100 100 100 100 100 100 100 100 100 100 100
100.0030163 99.8531211 100.0196078 99.9418147 100.0000804 100.0196078 99.9233754 100.1605535 100.9960784 99.9096126 100.3291462 100.9490196 100.0581387 99.999875 100.0 100.0841526 100.1714147 100.9568627 100.0872166 100.326623 100.9411765 100.0014692 100.3320162 100.9411765 99.9601617 100.3346685 100.9294118 100 100 100 100 100 100 100.0442811 100.3347281 100.9294118 100 100 100 100 100 100 99.9922971 99.8421997 100.027451 100.0121971 99.8395046 100.027451 99.9724979 99.8694262 100.0392157 100.0275229 99.866706 100.0117647 100 100 100 100 100 100 100 100 100 100 100 100 100 100 100 100 100 100
100.003027 99.8531456 100.0078431 99.9418386 100.0000699 100.0078431 99.920442 100.1632783 100.9921569 99.903558 100.3292394 100.9294118 100.0566575 99.9973549 100.0078431 100.0826595 100.1687022 100.945098 100.085747 100.326599 100.9294118 100.0015255 100.3319858 100.9176471 99.9587017 100.3320063 100.9098039 100 100 100 100 100 100 100.0428545 100.3347231 100.9176471 100 100 100 100 100 100 99.9908518 99.8421852 100.0156863 100.010743 99.839519 100.0156863 99.9724648 99.8694105 100.0156863 100.0275331 99.8667244 100.0078431 100 100 100 100 100 100 100 100 100 100 100 100 100 100 100 100 100 100
100.0030353 99.8531343 100.0 99.9418428 100.0000735 100.0 99.9204005 100.1553093 100.9764706 99.89742 100.3266776 100.9215686 100.0566444 99.9973617 100.0 100.0826384 100.1714529 100.9294118 100.0872082 100.3267042 100.9098039 100.0015095 100.3293713 100.9098039 99.9586879 100.332031 100.9098039 100 100 100 100 100 100 100.042855 100.3320597 100.9098039 100 100 100 100 100 100 99.9922979 99.8395977 100.0078431 100.0122217 99.8395339 100.0078431 99.9724872 99.8694731 100.0078431 100.0289969 99.8667955 100.0 100 100 100 100 100 100 100 100 100 100 100 100 100 100 100 100 100 100
100.0015968 99.8531704 100.027451 99.9403564 100.0000298 100.027451 99.9127658 100.1553249 100.0078431 99.8790701 100.321175 100.9568627 100.0551157 99.9974074 100.0 100.0796709 100.1661142 100.9647059 100.0842146 100.3266705 100.9490196 99.9969867 100.3320494 100.9490196 99.9556633 100.3320426 100.9372549 100 100 100 100 100 100 100.0398205 100.33477 100.9490196 100 100 100 100 100 100 99.9907831 99.8422352 100.0352941 100.0137484 99.8395551 100.0352941 99.9724923 99.8694721 100.0352941 100.0275175 99.869415 100.0196078 100 100 100 100 100 100 100 100 100 100 100 100 100 100 100 100 100 100
100.0030227 99.8531825 100.054902 99.9417792 99.9999921 100.054902 99.9067119 100.1551724 100.0196078 99.8683057 100.3104243 100.9764706 100.0551254 99.9974504 100.0 100.0811298 100.1741398 100.9960784 100.085699 100.3266814 100.9568627 99.9969422 100.3321089 100.9568627 99.9556154 100.332085 100.9568627 100 100 100 100 100 100 100.0397894 100.3348351 100.9568627 100 100 100 100 100 100 99.9907978 99.8395704 100.054902 100.0137829 99.839548 100.054902 99.973981 99.869415 100.054902 100.0275638 99.86937 100.0470588 100 100 100 100 100 100 100 100 100 100 100 100 100 100 100 100 100 100
100.0015814 99.8531812 100.0078431 99.9403231 99.9999248 100.0 99.9035903 100.1551222 100.9764706 99.8530976 100.3102639 100.9294118 100.0536687 100.0000008 100.0 100.0796118 100.1740318 100.9372549 100.0842471 100.3292624 100.9019608 99.9970104 100.3319541 100.9019608 99.9541816 100.3319057 100.9019608 100 100 100 100 100 100 100.0383166 100.3346862 100.9019608 100 100 100 100 100 100 99.9893496 99.842157 100.0078431 100.0137365 99.8394847 100.0078431 99.9740214 99.8719911 100.0078431 100.026092 99.8694107 100.0 100 100 100 100 100 100 100 100 100 100 100 100 100 100 100 100 100 100
100.0015581 99.8531907 100.027451 99.9403234 99.9972876 100.0117647 99.8959333 100.1523124 100.9960784 99.8408335 100.2992872 100.9568627 100.0551013 100.0025841 100.0117647 100.0796013 100.1687535 100.9490196 100.0856965 100.3292318 100.9411765 99.9969169 100.3346745 100.9411765 99.9540727 100.3319703 100.9294118 100 100 100 100 100 100 100.0382826 100.3374154 100.9294118 100 100 100 100 100 100 99.9893363 99.8421424 100.0392157 100.0137268 99.8394456 100.0392157 99.9754849 99.8720247 100.027451 100.0274722 99.8694198 100.0196078 100 100 100 100 100 100 100 100 100 100 100 100 100 100 100 100 100 100
100.0015605 99.8531947 100.027451 99.9403362 99.9919438 100.027451 99.8868243 100.1361255 100.0 99.8133546 100.2667675 100.9686275 100.0566738 100.0026391 100.0117647 100.0796905 100.1714554 100.9490196 100.0842598 100.3320133 100.9294118 99.9969817 100.3292637 100.9294118 99.9526954 100.3238798 100.9215686 100 100 100 100 100 100 100.0368395 100.3319845 100.9294118 100 100 100 100 100 100 99.9893574 99.8395551 100.027451 100.0123562 99.8394828 100.027451 99.9755525 99.8720253 100.027451 100.0260991 99.8694422 100.0196078 100 100 100 100 100 100 100 100 100 100 100 100 100 100 100 100 100 100
100.001587 99.8558696 100.0078431 99.9403263 99.9918549 100.9764706 99.8791533 100.1360925 100.9843137 99.8025671 100.2504392 100.9764706 100.0566743 100.0027746 100.0 100.0811524 100.1741173 100.9215686 100.0857121 100.3345935 100.9098039 99.9969505 100.3346551 100.9098039 99.9526299 100.3319383 100.9098039 100 100 100 100 100 100 100.0368302 100.3373962 100.9098039 100 100 100 100 100 100 99.9894228 99.8421644 100.0078431 100.0137852 99.8422217 100.0078431 99.9755957 99.8720824 100.0078431 100.0261374 99.8721514 100.0 100 100 100 100 100 100 100 100 100 100 100 100 100 100 100 100 100 100
100.0016083 99.8558165 100.0156863 99.9403059 99.9918345 100.0078431 99.8760656 100.1224946 100.0 99.7918236 100.2313342 100.9568627 100.0581625 100.0053344 100.9921569 100.0826778 100.1769068 100.9372549 100.0856992 100.3348058 100.9098039 99.9954459 100.3347291 100.9098039 99.9525891 100.3320094 100.9098039 100 100 100 100 100 100 100.0368042 100.3401237 100.9098039 100 100 100 100 100 100 99.9923419 99.8394893 100.0156863 100.0138108 99.8422434 100.0156863 99.9770076 99.8720791 100.0156863 100.0275662 99.8721838 100.0078431 100 100 100 100 100 100 100 100 100 100 100 100 100 100 100 100 100 100
100.0030517 99.8558345 100.0352941 99.9403044 99.9892507 100.0352941 99.8683511 100.1170637 100.0196078 99.7810946 100.21234 100.0078431 100.0581621 100.005386 100.0 100.0841306 100.1769577 100.9568627 100.0857552 100.3321203 100.9372549 99.9969274 100.3320189 100.9372549 99.9540755 100.3266025 100.9372549 100 100 100 100 100 100 100.036788 100.3347879 100.9294118 100 100 100 100 100 100 99.9938743 99.8395166 100.0470588 100.0138493 99.8422653 100.0470588 99.9770446 99.8721077 100.0352941 100.0275861 99.8748124 100.027451 100 100 100 100 100 100 100 100 100 100 100 100 100 100 100 100 100 100
100.0045888 99.8585162 100.0078431 99.9402946 99.9918387 100.0 99.8637328 100.0979858 100.9960784 99.7642857 100.1769331 100.9764706 100.0581815 100.0080945 100.9960784 100.0841387 100.1795965 100.9294118 100.0872035 100.3347128 100.9098039 99.9969334 100.3401539 100.9019608 99.952623 100.3374183 100.9098039 100 100 100 100 100 100 100.0367876 100.3456161 100.9019608 100 100 100 100 100 100 99.9984038 99.8395659 100.0078431 100.0168301 99.8449945 100.0078431 99.9785448 99.8720936 100.0078431 100.0306158 99.8774774 100.0 100 100 100 100 100 100 100 100 100 100 100 100 100 100 100 100 100 100
100.0060804 99.8612208 100.0470588 99.9402841 99.9919187 100.0352941 99.857635 100.0925403 100.027451 99.7566772 100.1550668 100.6901961 100.0596186 100.0108044 100.9843137 100.0841199 100.1849192 100.9490196 100.0871832 100.3374531 100.9372549 99.9984303 100.3401939 100.9372549 99.9541068 100.3374147 100.9294118 100 100 100 100 100 100 100.0382282 100.3482944 100.9294118 100 100 100 100 100 100 99.9984288 99.8422608 100.0470588 100.0183434 99.8476876 100.0470588 99.9785728 99.874817 100.0352941 100.0321226 99.8802296 100.027451 100 100 100 100 100 100 100 100 100 100 100 100 100 100 100 100 100 100
100.0061372 99.8639457 100.0156863 99.9402905 99.9945397 100.0078431 99.8545374 100.0816158 100.0156863 99.7551102 100.1279704 100.6705882 100.058153 100.0134584 100.0 100.0841366 100.1850552 100.9294118 100.087188 100.3401653 100.9176471 99.998419 100.3509903 100.9176471 99.9540839 100.3455447 100.9176471 100 100 100 100 100 100 100.0382295 100.359102 100.9098039 100 100 100 100 100 100 99.9984704 99.844953 100.0156863 100.0198869 99.8530436 100.0156863 99.9786032 99.8774821 100.0156863 100.0336284 99.8829695 100.0156863 100 100 100 100 100 100 100 100 100 100 100 100 100 100 100 100 100 100
100.0091196 99.8666289 100.0392157 99.9403084 99.9945344 100.0117647 99.8514937 100.0624602 100.027451 99.7550097 100.0897062 100.0 100.0596076 100.0161602 100.9960784 100.0826164 100.1876777 100.9411765 100.0857393 100.3454583 100.9294118 99.9953791 100.3536547 100.9294118 99.9525237 100.3482259 100.9294118 100 100 100 100 100 100 100.0381701 100.3617485 100.9215686 100 100 100 100 100 100 99.9998842 99.8476104 100.0392157 100.0214094 99.8557239 100.0392157 99.9786016 99.8801188 100.027451 100.0351157 99.8856385 100.0196078 100 100 100 100 100 100 100 100 100 100 100 100 100 100 100 100 100 100
100.009107 99.8666871 100.027451 99.940309 99.994451 100.0156863 99.8515067 100.05704 100.0156863 99.7535379 100.0679916 100.0 100.0596161 100.0162453 100.0078431 100.0840701 100.1903934 100.9176471 100.0857233 100.3455671 100.9176471 99.9953364 100.3536805 100.9098039 99.952511 100.3509798 100.9098039 100 100 100 100 100 100 100.0366805 100.3591265 100.9098039 100 100 100 100 100 100 99.9998718 99.8476741 100.027451 100.0213862 99.8583858 100.027451 99.980042 99.8801513 100.0156863 100.0351099 99.8856874 100.0078431 100 100 100 100 100 100 100 100 100 100 100 100 100 100 100 100 100 100
100.0091223 99.8667822 100.0470588 99.9403247 99.9918319 100.0352941 99.8499326 100.0435499 100.054902 99.7550265 100.0517524 100.0196078 100.0596204 100.0163369 100.0 100.0810999 100.1877594 100.9490196 100.085723 100.3455719 100.9294118 99.9938178 100.3538024 100.9294118 99.9524928 100.3510758 100.9294118 100 100 100 100 100 100 100.0366527 100.3592293 100.9294118 100 100 100 100 100 100 99.9998757 99.8477686 100.0470588 100.0213928 99.8558586 100.0470588 99.98007 99.8776343 100.0352941 100.0351353 99.8857443 100.0352941 100 100 100 100 100 100 100 100 100 100 100 100 100 100 100 100 100 100
100.0091469 99.8694164 100.0392157 99.9402906 99.9917392 100.0196078 99.8484479 100.0408107 100.0470588 99.7535174 100.0406543 100.0196078 100.059637 100.0188945 100.0 100.081068 100.190293 100.9411765 100.0857241 100.3481713 100.9294118 99.9923509 100.3536691 100.9294118 99.9525014 100.3509391 100.9294118 100 100 100 100 100 100 100.0366404 100.3590657 100.9215686 100 100 100 100 100 100 99.9998933 99.852931 100.027451 100.0228742 99.8610683 100.027451 99.9800813 99.8802197 100.0392157 100.035155 99.8883327 100.027451 100 100 100 100 100 100 100 100 100 100 100 100 100 100 100 100 100 100
100.0091421 99.869447 100.0392157 99.9403642 99.9863986 100.0117647 99.8453888 100.0244439 100.054902 99.7566359 100.0080866 100.0196078 100.0596296 100.0189921 100.9960784 100.0796032 100.1903957 100.9411765 100.0856152 100.351002 100.9294118 99.9923464 100.3509632 100.9294118 99.9524969 100.3482312 100.9294118 100 100 100 100 100 100 100.0351956 100.3537177 100.9294118 100 100 100 100 100 100 99.9999032 99.8504148 100.027451 100.0214096 99.8611362 100.0392157 99.9800785 99.8802718 100.027451 100.0351554 99.8883711 100.0196078 100 100 100 100 100 100 100 100 100 100 100 100 100 100 100 100 100 100
100.0091438 99.8695061 100.027451 99.9417881 99.9837181 100.0196078 99.8438731 100.0217244 100.0392157 99.7566557 99.9972929 100.0117647 100.0596284 100.0190249 100.9843137 100.0795379 100.1877525 100.9411765 100.0841697 100.3483235 100.9215686 99.99234 100.3456132 100.9294118 99.9524979 100.3428638 100.9294118 100 100 100 100 100 100 100.0351746 100.3510172 100.9215686 100 100 100 100 100 100 99.9998887 99.8504762 100.027451 100.0214108 99.8585636 100.0392157 99.978615 99.8829823 100.027451 100.0351232 99.8884201 100.0196078 100 100 100 100 100 100 100 100 100 100 100 100 100 100 100 100 100 100
100.0091434 99.8695696 100.0352941 99.9418082 99.9810738 100.027451 99.8469055 100.0189513 100.054902 99.7612229 99.9783621 100.0196078 100.0581633 100.0190734 100.9921569 100.0795653 100.1905653 100.9490196 100.0841739 100.3482981 100.9294118 99.992336 100.3483073 100.9294118 99.9524954 100.3429185 100.9372549 100 100 100 100 100 100 100.035179 100.3510782 100.9294118 100 100 100 100 100 100 99.9984861 99.8530908 100.0352941 100.0214242 99.8612482 100.0470588 99.9786176 99.8830467 100.0352941 100.0336825 99.8884739 100.027451 100 100 100 100 100 100 100 100 100 100 100 100 100 100 100 100 100 100
100.0076028 99.8747043 100.0470588 99.9433196 99.9809298 100.9960784 99.8438693 100.005331 100.0470588 99.7672906 99.9564823 100.0313725 100.0581078 100.0216238 100.0 100.0780405 100.1904046 100.9607843 100.0841479 100.3482877 100.9490196 99.9908031 100.348149 100.9490196 99.951032 100.3400478 100.9490196 100 100 100 100 100 100 100.0351073 100.350892 100.9490196 100 100 100 100 100 100 99.9984306 99.855757 100.0470588 100.019861 99.8638569 100.0470588 99.9785666 99.8855745 100.0392157 100.033588 99.8909551 100.0392157 100 100 100 100 100 100 100 100 100 100 100 100 100 100 100 100 100 100
100.0076242 99.87472 100.0470588 99.9418325 99.9809472 100.0392157 99.8438628 99.999967 100.0588235 99.768817 99.9455065 100.0470588 100.0581152 100.0216041 100.9960784 100.0780635 100.1931301 100.9607843 100.0841845 100.3482462 100.9490196 99.9907944 100.3481581 100.9490196 99.9510419 100.3427244 100.9607843 100 100 100 100 100 100 100.0336521 100.350912 100.9490196 100 100 100 100 100 100 99.9984573 99.8557397 100.0470588 100.0198831 99.8638496 100.0470588 99.9785846 99.8855511 100.0392157 100.0321349 99.8909536 100.0392157 100 100 100 100 100 100 100 100 100 100 100 100 100 100 100 100 100 100
100.0076125 99.8747448 100.054902 99.9418336 99.9809074 100.0666667 99.8514647 99.999865 100.054902 99.7689273 99.9372698 100.0666667 100.05811 100.021627 100.0078431 100.0780172 100.1876191 100.9686275 100.0841626 100.3509173 100.9568627 99.9907632 100.3427426 100.9568627 99.9510331 100.3373259 100.9568627 100 100 100 100 100 100 100.0320976 100.3454265 100.9568627 100 100 100 100 100 100 99.9984408 99.8557621 100.054902 100.0198705 99.8638606 100.0666667 99.9785666 99.8855551 100.0470588 100.0321351 99.8909225 100.0470588 100 100 100 100 100 100 100 100 100 100 100 100 100 100 100 100 100 100
100.0060765 99.8747994 100.0470588 99.9433218 99.9809049 100.0313725 99.848416 99.9916862 100.0470588 99.7749661 99.9291356 100.0470588 100.0580895 100.0216498 100.0117647 100.0795262 100.1930546 100.9607843 100.0841452 100.3510646 100.9411765 99.9892927 100.3481771 100.9490196 99.9509855 100.3400485 100.9490196 100 100 100 100 100 100 100.0305831 100.3509208 100.9411765 100 100 100 100 100 100 99.9983867 99.8583705 100.0470588 100.0198195 99.8638649 100.0470588 99.978545 99.8829239 100.0470588 100.033582 99.8909491 100.0392157 100 100 100 100 100 100 100 100 100 100 100 100 100 100 100 100 100 100
100.0060729 99.8748238 100.0745098 99.9433086 99.9809102 100.0470588 99.8499433 99.9836304 100.0862745 99.7719355 99.9209667 100.0745098 100.0581021 100.0216463 100.027451 100.0795342 100.1930565 100.9882353 100.0841215 100.3509892 100.9686275 99.9893126 100.3481624 100.9764706 99.9509833 100.3427494 100.9764706 100 100 100 100 100 100 100.0335929 100.3508984 100.9686275 100 100 100 100 100 100 99.9983788 99.8584209 100.0745098 100.0183305 99.8638831 100.0745098 99.9785342 99.8855494 100.0666667 100.0321034 99.8883578 100.0666667 100 100 100 100 100 100 100 100 100 100 100 100 100 100 100 100 100 100
100.0060779 99.8774844 100.054902 99.94333 99.9808989 100.0196078 99.8468869 99.9809452 100.0666667 99.7719299 99.9182875 100.0666667 100.0581011 100.0216727 100.0078431 100.0795556 100.1931417 100.9686275 100.0841029 100.3510516 100.9568627 99.9892925 100.342794 100.9568627 99.950985 100.337345 100.9568627 100 100 100 100 100 100 100.0320653 100.3481718 100.9568627 100 100 100 100 100 100 99.9983794 99.8611063 100.054902 100.0183356 99.8639157 100.054902 99.9785426 99.8855676 100.0470588 100.0335924 99.8909389 100.0470588 100 100 100 100 100 100 100 100 100 100 100 100 100 100 100 100 100 100
100.0046633 99.8775061 100.054902 99.9419249 99.9808785 100.027451 99.8439633 99.9808543 100.0666667 99.7704764 99.9156929 100.0666667 100.0566992 100.0216577 100.0 100.0781361 100.195679 100.9686275 100.08266 100.3510482 100.9490196 99.9878278 100.3481668 100.9568627 99.9495295 100.342744 100.9568627 100 100 100 100 100 100 100.0276399 100.3509203 100.9490196 100 100 100 100 100 100 99.9969442 99.8611554 100.054902 100.0169147 99.8664992 100.054902 99.9771358 99.8855799 100.0470588 100.0321676 99.8909277 100.0392157 100 100 100 100 100 100 100 100 100 100 100 100 100 100 100 100 100 100
100.0061386 99.8775227 100.054902 99.9433851 99.980895 100.0470588 99.8469752 99.9835856 100.054902 99.7704422 99.9209696 100.0745098 100.0581683 100.021653 100.0196078 100.0780808 100.1931138 100.9686275 100.0811347 100.3536219 100.9568627 99.9877812 100.3454519 100.9568627 99.9494949 100.3400316 100.9568627 100 100 100 100 100 100 100.0275833 100.3481654 100.9568627 100 100 100 100 100 100 99.9969581 99.8611462 100.054902 100.0184007 99.8665212 100.054902 99.9771339 99.8855735 100.054902 100.0336646 99.8909242 100.0470588 100 100 100 100 100 100 100 100 100 100 100 100 100 100 100 100 100 100
100.0061669 99.8801554 100.0470588 99.9433905 99.9808629 100.0392157 99.8484821 99.9863338 100.0588235 99.7689651 99.923735 100.0470588 100.0581752 100.0216674 100.0 100.0765772 100.1876596 100.9607843 100.0811363 100.3536658 100.9490196 99.9877531 100.3427218 100.9490196 99.9494798 100.3372908 100.9411765 100 100 100 100 100 100 100.0260928 100.3454322 100.9490196 100 100 100 100 100 100 99.9969764 99.8611473 100.0470588 100.0184244 99.8665203 100.0470588 99.977147 99.8855857 100.0392157 100.0336745 99.8909268 100.0392157 100 100 100 100 100 100 100 100 100 100 100 100 100 100 100 100 100 100
100.0061896 99.8801225 100.0470588 99.943388 99.9808742 100.0117647 99.8469959 99.986294 100.0470588 99.7704721 99.9291308 100.0588235 100.0581874 100.0216512 100.9960784 100.0765783 100.1876342 100.9607843 100.0796543 100.356342 100.9411765 99.9877855 100.3454558 100.9490196 99.9494967 100.3400441 100.9490196 100 100 100 100 100 100 100.027578 100.3481673 100.9490196 100 100 100 100 100 100 99.9969855 99.8611305 100.0470588 100.0199096 99.8665033 100.0470588 99.9785977 99.8855422 100.0392157 100.0337003 99.8909121 100.0313725 100 100 100 100 100 100 100 100 100 100 100 100 100 100 100 100 100 100
100.0076727 99.8801381 100.0627451 99.9434001 99.9808435 100.0352941 99.8454314 99.9944904 100.0823529 99.7673704 99.9346625 100.054902 100.0581977 100.0216526 100.0 100.0780768 100.1956713 100.9764706 100.0796342 100.3563664 100.9568627 99.9877636 100.3427746 100.9647059 99.9494694 100.3400202 100.9647059 100 100 100 100 100 100 100.0260864 100.3454989 100.9647059 100 100 100 100 100 100 99.9984097 99.8611382 100.0627451 100.019918 99.8665175 100.0627451 99.9786201 99.8855521 100.0627451 100.0351478 99.8909482 100.054902 100 100 100 100 100 100 100 100 100 100 100 100 100 100 100 100 100 100
100.0077013 99.8801148 100.054902 99.9419024 99.9808506 100.0470588 99.8484993 99.9997974 100.054902 99.7659227 99.9374484 100.0470588 100.0582076 100.0216797 100.0 100.0780853 100.1929747 100.9686275 100.0811316 100.3563018 100.9490196 99.9877586 100.3481466 100.9568627 99.9480171 100.342757 100.9568627 100 100 100 100 100 100 100.0260917 100.3508543 100.9568627 100 100 100 100 100 100 99.9984257 99.8611254 100.054902 100.0199509 99.8665246 100.054902 99.9786332 99.8855669 100.054902 100.0351637 99.8909795 100.0470588 100 100 100 100 100 100 100 100 100 100 100 100 100 100 100 100 100 100
100.0091522 99.877617 100.054902 99.9418858 99.9783894 100.0470588 99.8424168 99.9974316 100.054902 99.7643129 99.9483354 100.0392157 100.0596532 100.0191722 100.0 100.0781073 100.1905796 100.9568627 100.0811316 100.353863 100.9568627 99.9877957 100.3429196 100.9568627 99.9495043 100.3375059 100.9568627 100 100 100 100 100 100 100.0275942 100.3456339 100.9568627 100 100 100 100 100 100 99.998425 99.8586141 100.054902 100.0214098 99.8640157 100.054902 99.9786367 99.8830756 100.054902 100.0351668 99.8884363 100.0470588 100 100 100 100 100 100 100 100 100 100 100 100 100 100 100 100 100 100
100.0091582 99.8749949 100.0588235 99.9433843 99.9784087 100.0470588 99.8438806 100.0002419 100.0470588 99.7612422 99.9539353 100.0313725 100.0596454 100.0191727 100.9960784 100.079582 100.1931521 100.9490196 100.081111 100.3565447 100.9411765 99.9877734 100.3456301 100.9490196 99.9494759 100.3429086 100.9490196 100 100 100 100 100 100 100.0275832 100.3456914 100.9490196 100 100 100 100 100 100 99.9984269 99.8586007 100.0470588 100.0214037 99.8640284 100.0470588 99.9786253 99.8830983 100.0470588 100.0351683 99.8884533 100.0470588 100 100 100 100 100 100 100 100 100 100 100 100 100 100 100 100 100 100
100.0091759 99.8749116 100.027451 99.9433765 99.9810249 100.0196078 99.8424099 100.0162804 100.027451 99.7550683 99.9755339 100.0117647 100.0596673 100.0190756 100.0 100.0795846 100.1904644 100.9294118 100.0811462 100.3511306 100.9294118 99.9877513 100.3483064 100.9294118 99.9479906 100.3456025 100.9294118 100 100 100 100 100 100 100.0275676 100.3510421 100.9294118 100 100 100 100 100 100 99.998431 99.8585332 100.027451 100.0214204 99.8639555 100.027451 99.980116 99.8830172 100.0196078 100.0351733 99.8884256 100.0196078 100 100 100 100 100 100 100 100 100 100 100 100 100 100 100 100 100 100
100.0091684 99.8748929 100.0470588 99.9433651 99.9836701 100.027451 99.8423575 100.0191253 100.0470588 99.7535242 99.9918085 100.0196078 100.0596466 100.019035 100.0 100.0810992 100.1930789 100.9372549 100.0826059 100.3511132 100.9294118 99.9877337 100.3482682 100.9294118 99.9479631 100.3455736 100.9372549 100 100 100 100 100 100 100.0275424 100.3510035 100.9294118 100 100 100 100 100 100 99.9984259 99.858516 100.0352941 100.021408 99.8639103 100.0352941 99.9801069 99.8830048 100.0352941 100.0351635 99.8883724 100.0352941 100 100 100 100 100 100 100 100 100 100 100 100 100 100 100 100 100 100
100.0091931 99.8748678 100.0156863 99.9418801 99.9863653 100.9843137 99.8424242 100.0218736 100.0156863 99.7520824 100.0000229 100.9843137 100.0596822 100.0189905 100.9843137 100.0811487 100.1904357 100.9294118 100.0826729 100.3509558 100.9098039 99.9877961 100.3482957 100.9176471 99.9494517 100.3482245 100.9098039 100 100 100 100 100 100 100.0290916 100.3510011 100.9098039 100 100 100 100 100 100 99.9984482 99.8584673 100.0156863 100.0214252 99.863876 100.027451 99.980112 99.882983 100.0156863 100.0351845 99.8883658 100.0078431 100 100 100 100 100 100 100 100 100 100 100 100 100 100 100 100 100 100
100.0092228 99.8774329 100.0078431 99.9403731 99.9890665 100.0 99.8439337 100.0298791 100.0196078 99.7520752 100.0188601 100.0 100.059714 100.0189512 100.9843137 100.0826647 100.1930369 100.9098039 100.0841515 100.348321 100.9098039 99.9878073 100.3482491 100.9098039 99.9480164 100.3455202 100.9098039 100 100 100 100 100 100 100.0291317 100.3536405 100.9098039 100 100 100 100 100 100 99.9984764 99.8584139 100.0078431 100.0214577 99.8638022 100.0078431 99.9786729 99.8829291 100.0078431 100.035199 99.8882751 100.0078431 100 100 100 100 100 100 100 100 100 100 100 100 100 100 100 100 100 100
100.0091388 99.8747518 100.0078431 99.9417784 99.9917778 100.0 99.8453442 100.0434127 100.0196078 99.7504763 100.0407761 100.9843137 100.0596498 100.0188601 100.9843137 100.0840807 100.1876164 100.9215686 100.0856936 100.3454107 100.9019608 99.9892529 100.3508988 100.9019608 99.9509223 100.3481675 100.9098039 100 100 100 100 100 100 100.0321013 100.3563662 100.9019608 100 100 100 100 100 100 99.9998446 99.8583786 100.0078431 100.0213677 99.8611656 100.0078431 99.9785716 99.8828788 100.0078431 100.0351371 99.8882126 100.0 100 100 100 100 100 100 100 100 100 100 100 100 100 100 100 100 100 100
100.0076259 99.8747018 100.0156863 99.9403231 99.9944476 100.0078431 99.8438276 100.0461487 100.027451 99.7489212 100.0488206 100.0 100.0596445 100.0187851 100.9921569 100.0841283 100.1876366 100.9294118 100.0871289 100.3454419 100.9098039 99.9892906 100.348189 100.9098039 99.9509422 100.3454102 100.9098039 100 100 100 100 100 100 100.0336024 100.3535865 100.9098039 100 100 100 100 100 100 99.9984331 99.8583352 100.0156863 100.0198374 99.8610977 100.0156863 99.9785583 99.8828979 100.0156863 100.033618 99.885579 100.0078431 100 100 100 100 100 100 100 100 100 100 100 100 100 100 100 100 100 100
100.0061327 99.8746854 100.0352941 99.9403131 99.9944701 100.0196078 99.8454119 100.0569635 100.0470588 99.7474233 100.0652184 100.0196078 100.0596577 100.0162505 100.0078431 100.0841637 100.184863 100.9490196 100.0872357 100.3453728 100.9372549 99.9893131 100.348147 100.9372549 99.9509831 100.3427553 100.9372549 100 100 100 100 100 100 100.033657 100.3509035 100.9372549 100 100 100 100 100 100 99.9984303 99.8556956 100.0352941 100.0183357 99.8611205 100.0352941 99.978553 99.8801677 100.0352941 100.0321421 99.8855646 100.027451 100 100 100 100 100 100 100 100 100 100 100 100 100 100 100 100 100 100
100.0046364 99.8720409 100.0078431 99.9403036 99.9970137 100.9764706 99.8484659 100.062433 100.0078431 99.7474679 100.0814969 100.9764706 100.059655 100.0162289 100.9960784 100.084157 100.1768002 100.9294118 100.0872538 100.3454876 100.9019608 99.9893331 100.3454725 100.9019608 99.950998 100.342722 100.9019608 100 100 100 100 100 100 100.0336444 100.350859 100.9019608 100 100 100 100 100 100 99.9984046 99.855695 100.0078431 100.0168357 99.8610491 100.0078431 99.9771268 99.8828093 100.0078431 100.0305963 99.8855738 100.0 100 100 100 100 100 100 100 100 100 100 100 100 100 100 100 100 100 100
100.0031086 99.8693958 100.0078431 99.9402858 99.9945303 100.0 99.8515136 100.0734882 100.0 99.7444194 100.1060992 100.9843137 100.0581903 100.0136756 100.9960784 100.0842262 100.1795917 100.9215686 100.0873114 100.3427936 100.9019608 99.9893582 100.3429197 100.9019608 99.9510239 100.3401245 100.9098039 100 100 100 100 100 100 100.0336768 100.3483342 100.9019608 100 100 100 100 100 100 99.9938996 99.8530631 100.0078431 100.0153119 99.855842 100.0078431 99.9770463 99.8803407 100.0078431 100.0276256 99.8829598 100.0 100 100 100 100 100 100 100 100 100 100 100 100 100 100 100 100 100 100
100.0030833 99.8668016 100.0078431 99.9388705 99.994558 100.0156863 99.851597 100.0842063 100.0078431 99.7444985 100.1251029 100.972549 100.0582117 100.0161582 100.9921569 100.084192 100.1741565 100.9372549 100.0873617 100.3427437 100.9176471 99.9893633 100.3428609 100.9176471 99.9510205 100.340094 100.9176471 100 100 100 100 100 100 100.0322027 100.3482441 100.9176471 100 100 100 100 100 100 99.9924031 99.8530272 100.0156863 100.0138812 99.8557461 100.0156863 99.9770582 99.8828852 100.0078431 100.0276397 99.8828782 100.0078431 100 100 100 100 100 100 100 100 100 100 100 100 100 100 100 100 100 100
100.0016228 99.8641475 100.0 99.9388863 99.9919642 100.9843137 99.8531266 100.0871849 100.0 99.7460054 100.1414444 100.9960784 100.0581937 100.0135426 100.9960784 100.0842293 100.1822822 100.9294118 100.0873802 100.3401061 100.9098039 99.9893966 100.3428983 100.9019608 99.9510525 100.3401346 100.9098039 100 100 100 100 100 100 100.0322233 100.3483335 100.8941176 100 100 100 100 100 100 99.9908534 99.853051 100.0078431 100.0138271 99.8504223 100.0078431 99.9770494 99.8802295 100.0 100.0276369 99.8775987 100.9960784 100 100 100 100 100 100 100 100 100 100 100 100 100 100 100 100 100 100
100.0015769 99.8640617 100.0078431 99.9388865 99.9944549 100.0078431 99.8546633 100.1006274 100.0078431 99.7536132 100.1523442 100.9764706 100.0567122 100.0134933 100.9764706 100.0827385 100.1768851 100.9294118 100.087364 100.3400297 100.9098039 99.9894065 100.3428735 100.9098039 99.9510637 100.3401132 100.9098039 100 100 100 100 100 100 100.0337075 100.348292 100.9019608 100 100 100 100 100 100 99.9893788 99.8503615 100.0078431 100.0123677 99.8476633 100.0078431 99.9756207 99.8775524 100.0078431 100.0275851 99.8747958 100.0 100 100 100 100 100 100 100 100 100 100 100 100 100 100 100 100 100 100
100.0001501 99.8639883 100.0 99.9389072 99.9944914 100.0 99.8638504 100.1142979 100.9843137 99.7628237 100.1958919 100.9568627 100.0566943 100.0134839 100.9960784 100.0827115 100.176862 100.9372549 100.0873096 100.3373661 100.9098039 99.9894371 100.342816 100.9098039 99.9510798 100.3400554 100.9098039 100 100 100 100 100 100 100.0337609 100.3455755 100.9098039 100 100 100 100 100 100 99.9893246 99.8476656 100.0078431 100.0123215 99.8449835 100.0078431 99.9755973 99.8801897 100.0 100.0261567 99.8721057 100.0 100 100 100 100 100 100 100 100 100 100 100 100 100 100 100 100 100 100
100.0015831 99.8639492 100.0392157 99.9403084 99.9944924 100.0392157 99.8683156 100.1250647 100.0196078 99.773477 100.2122376 100.0 100.0566578 100.0134579 100.9960784 100.081148 100.1822426 100.9686275 100.0872818 100.340018 100.9411765 99.9908752 100.3427624 100.9411765 99.9525118 100.3373259 100.9490196 100 100 100 100 100 100 100.0352019 100.3455218 100.9411765 100 100 100 100 100 100 99.9907497 99.8476055 100.0392157 100.0137489 99.8449372 100.0470588 99.9769979 99.8775451 100.0392157 100.0275645 99.8694047 100.0392157 100 100 100 100 100 100 100 100 100 100 100 100 100 100 100 100 100 100
100.0016277 99.8639466 100.0078431 99.9403185 99.9945282 100.0078431 99.8714997 100.1305929 100.9921569 99.7827375 100.2340021 100.9647059 100.0551668 100.0134321 100.0 100.0796194 100.17139 100.9372549 100.0873152 100.3373962 100.9098039 99.9909262 100.3428045 100.9098039 99.9525892 100.3373613 100.9176471 100 100 100 100 100 100 100.0352314 100.3455578 100.9098039 100 100 100 100 100 100 99.990784 99.8476242 100.0156863 100.0137825 99.8449611 100.0156863 99.9770111 99.880178 100.0078431 100.0275878 99.8721205 100.0078431 100 100 100 100 100 100 100 100 100 100 100 100 100 100 100 100 100 100
100.0016043 99.8612379 100.0196078 99.9403025 99.991902 100.0196078 99.8790924 100.14147 100.0117647 99.7950146 100.250362 100.9764706 100.0551589 100.010794 100.0 100.0811326 100.184956 100.9490196 100.0872457 100.3374012 100.9294118 99.9908613 100.3401043 100.9294118 99.9525429 100.3373717 100.9294118 100 100 100 100 100 100 100.0321604 100.3455724 100.9294118 100 100 100 100 100 100 99.9894032 99.8449171 100.027451 100.0137564 99.842257 100.027451 99.977001 99.8775089 100.0196078 100.027564 99.8694602 100.0117647 100 100 100 100 100 100 100 100 100 100 100 100 100 100 100 100 100 100
100.0030434 99.8558566 100.054902 99.9403016 99.9891991 100.0392157 99.8928209 100.1469887 100.027451 99.8224829 100.2803709 100.9843137 100.0551328 100.0054022 100.0078431 100.0795843 100.1768662 100.9764706 100.0872338 100.3320244 100.9568627 99.9923599 100.3292731 100.9568627 99.9540607 100.3211488 100.9568627 100 100 100 100 100 100 100.032157 100.3293364 100.9568627 100 100 100 100 100 100 99.9908387 99.839515 100.054902 100.0137777 99.8368709 100.054902 99.9770057 99.8694727 100.0470588 100.0276077 99.8640147 100.0470588 100 100 100 100 100 100 100 100 100 100 100 100 100 100 100 100 100 100
100.0030416 99.8584675 100.0078431 99.9403077 99.9918106 100.0 99.8959395 100.1604268 100.9843137 99.8347067 100.3047046 100.945098 100.0551435 100.0080342 100.9921569 100.0781532 100.1767999 100.945098 100.0857546 100.3373169 100.9098039 99.9923815 100.3319423 100.9098039 99.9540843 100.3264999 100.9098039 100 100 100 100 100 100 100.0321685 100.3346324 100.9098039 100 100 100 100 100 100 99.9908497 99.8421203 100.0156863 100.0137733 99.8394993 100.0156863 99.9755403 99.8720882 100.0156863 100.0276253 99.8666518 100.0078431 100 100 100 100 100 100 100 100 100 100 100 100 100 100 100 100 100 100
100.0060364 99.8584215 100.9843137 99.9418293 99.9918938 100.9764706 99.9080615 100.1605951 100.9568627 99.8500265 100.3237442 100.9176471 100.0581242 100.0079833 100.0 100.0811681 100.1795376 100.9098039 100.0872184 100.3347012 100.8823529 99.9953811 100.33732 100.8823529 99.9570839 100.3346234 100.8901961 100 100 100 100 100 100 100.0351616 100.3373967 100.8823529 100 100 100 100 100 100 99.9938389 99.8395362 100.9921569 100.0167684 99.8394612 100.9921569 99.9770359 99.8721215 100.9921569 100.0305891 99.8666407 100.9764706 100 100 100 100 100 100 100 100 100 100 100 100 100 100 100 100 100 100
100.0046062 99.8557777 100.0196078 99.9418117 99.9918676 100.0117647 99.9097343 100.1604719 100.9843137 99.8668123 100.331917 100.9411765 100.0566893 100.0053609 100.0 100.081174 100.1794934 100.9490196 100.0856973 100.3346319 100.9215686 99.9953467 100.3347366 100.9215686 99.9556083 100.3320148 100.9215686 100 100 100 100 100 100 100.0336627 100.3401493 100.9215686 100 100 100 100 100 100 99.993814 99.8369003 100.027451 100.0152882 99.8368029 100.027451 99.9755182 99.8694728 100.027451 100.0305652 99.8639955 100.0117647 100 100 100 100 100 100 100 100 100 100 100 100 100 100 100 100 100 100
100.0061331 99.8557517 100.027451 99.9418577 99.9945673 100.0196078 99.9158054 100.1579532 100.0078431 99.88212 100.3319668 100.9647059 100.058172 100.0027548 100.0 100.0827102 100.1768654 100.9568627 100.085728 100.3346104 100.9294118 99.9969435 100.3320191 100.9294118 99.9586651 100.3293063 100.9372549 100 100 100 100 100 100 100.0367559 100.3347254 100.9294118 100 100 100 100 100 100 99.9953427 99.8368391 100.0352941 100.0168233 99.8367734 100.0352941 99.9755245 99.8720453 100.0352941 100.0320677 99.8640183 100.0196078 100 100 100 100 100 100 100 100 100 100 100 100 100 100 100 100 100 100
100.0060745 99.853191 100.0196078 99.9418078 99.9972998 100.0117647 99.9234398 100.1605918 100.9843137 99.9005276 100.3347933 100.9411765 100.0596368 100.0026599 100.0117647 100.084212 100.1741819 100.9490196 100.0857526 100.3319834 100.9215686 99.9984229 100.3374743 100.9215686 99.9586281 100.3374691 100.9215686 100 100 100 100 100 100 100.0382624 100.3401752 100.9215686 100 100 100 100 100 100 99.9953396 99.8342189 100.027451 100.0152836 99.8341877 100.027451 99.9754942 99.8720564 100.027451 100.0305783 99.8639865 100.0117647 100 100 100 100 100 100 100 100 100 100 100 100 100 100 100 100 100 100
100.0045561 99.8558194 100.0117647 99.9403293 99.999936 100.0 99.9249332 100.163331 100.9960784 99.9096433 100.3401082 100.9490196 100.0582128 100.0026232 100.0 100.0842284 100.1768442 100.9568627 100.0872213 100.3345523 100.9294118 99.9984441 100.3373605 100.9294118 99.9601324 100.3346453 100.9411765 100 100 100 100 100 100 100.0382841 100.337421 100.9294118 100 100 100 100 100 100 99.9938692 99.8368713 100.027451 100.0137662 99.8368248 100.027451 99.9740546 99.8747479 100.027451 100.0290694 99.8639771 100.0117647 100 100 100 100 100 100 100 100 100 100 100 100 100 100 100 100 100 100
100.0030655 99.8558139 100.9960784 99.940357 99.9999528 100.9843137 99.9249824 100.1633375 100.9764706 99.9127538 100.3401634 100.9372549 100.0582104 100.0000095 100.0 100.084237 100.1741389 100.9294118 100.0872383 100.3319736 100.9019608 99.9984327 100.3400767 100.9019608 99.9571379 100.3373847 100.9019608 100 100 100 100 100 100 100.0382849 100.342807 100.9019608 100 100 100 100 100 100 99.9923801 99.8368704 100.0 100.01231 99.8368137 100.0 99.9740575 99.8747965 100.0078431 100.0275655 99.8639768 100.9960784 100 100 100 100 100 100 100 100 100 100 100 100 100 100 100 100 100 100
100.0030194 99.8557576 100.0313725 99.9417596 99.9999645 100.0313725 99.9264199 100.1632175 100.0117647 99.9142339 100.3401835 100.9686275 100.0596433 99.9999992 100.0 100.0856756 100.174077 100.9686275 100.08873 100.3318978 100.9411765 99.9998736 100.3373661 100.9411765 99.9586078 100.3346602 100.9490196 100 100 100 100 100 100 100.0397296 100.3374208 100.9411765 100 100 100 100 100 100 99.9937894 99.8368596 100.0470588 100.0137152 99.8367695 100.0470588 99.9754521 99.8773757 100.0470588 100.0274949 99.863903 100.0313725 100 100 100 100 100 100 100 100 100 100 100 100 100 100 100 100 100 100
100.001525 99.855734 100.0 99.9402894 99.9999911 100.9921569 99.9249025 100.1633294 100.9921569 99.9127024 100.3401237 100.9372549 100.0596615 99.9999725 100.0 100.0857007 100.1687057 100.9372549 100.0902312 100.3346511 100.9098039 99.9999636 100.33744 100.9098039 99.9616323 100.3374025 100.9098039 100 100 100 100 100 100 100.0412855 100.3401332 100.9098039 100 100 100 100 100 100 99.9908051 99.8368756 100.0078431 100.0122766 99.8367356 100.0078431 99.9754687 99.87742 100.0078431 100.0274781 99.8613142 100.9921569 100 100 100 100 100 100 100 100 100 100 100 100 100 100 100 100 100 100
100.001492 99.8557667 100.0 99.9402964 99.9999808 100.9843137 99.9234517 100.1632605 100.9764706 99.9096637 100.3375006 100.9294118 100.0596605 99.999973 100.0 100.0857049 100.174069 100.9294118 100.0902556 100.334616 100.9019608 99.9999134 100.340087 100.9019608 99.9601166 100.337419 100.9215686 100 100 100 100 100 100 100.0397664 100.3401215 100.9019608 100 100 100 100 100 100 99.9907621 99.8394213 100.0078431 100.0122279 99.8367778 100.0078431 99.9754464 99.877366 100.0 100.0260112 99.8612641 100.9960784 100 100 100 100 100 100 100 100 100 100 100 100 100 100 100 100 100 100
100.0014749 99.8558012 100.0196078 99.9402895 99.9999737 100.0117647 99.923448 100.1605142 100.9960784 99.9066072 100.3400786 100.9490196 100.059654 99.9999724 100.0 100.0857062 100.171437 100.9568627 100.090235 100.3345848 100.9294118 99.9999236 100.3373366 100.9294118 99.9601635 100.3346693 100.9294118 100 100 100 100 100 100 100.0397621 100.3373793 100.9294118 100 100 100 100 100 100 99.9892992 99.8394332 100.027451 100.0122194 99.836794 100.027451 99.9754438 99.874823 100.0196078 100.0259991 99.8612734 100.0117647 100 100 100 100 100 100 100 100 100 100 100 100 100 100 100 100 100 100
100.0014709 99.8557413 100.0 99.9402761 100.0000032 100.0 99.9234262 100.1605915 100.9843137 99.9035845 100.3374429 100.9372549 100.0596637 99.9999536 100.0 100.0856975 100.1741166 100.9294118 100.0872572 100.3319194 100.9176471 99.9999334 100.33469 100.9098039 99.960183 100.3346891 100.9098039 100 100 100 100 100 100 100.0397621 100.3373256 100.9098039 100 100 100 100 100 100 99.9892955 99.8393759 100.0078431 100.0122161 99.836765 100.0078431 99.9754372 99.8747728 100.0078431 100.0259976 99.8612707 100.0 100 100 100 100 100 100 100 100 100 100 100 100 100 100 100 100 100 100
100.0014853 99.8531625 100.0117647 99.9402952 100.000027 100.0 99.9219303 100.1605751 100.9960784 99.9035296 100.3348404 100.9490196 100.0596637 99.9973067 100.0 100.0856765 100.1687801 100.9411765 100.0872014 100.3319781 100.9215686 99.9999599 100.3320277 100.9215686 99.9616638 100.3320051 100.9294118 100 100 100 100 100 100 100.0397832 100.3320666 100.9215686 100 100 100 100 100 100 99.9907708 99.8367943 100.027451 100.0122395 99.8342232 100.027451 99.9754511 99.8721771 100.027451 100.0260125 99.8613456 100.0117647 100 100 100 100 100 100 100 100 100 100 100 100 100 100 100 100 100 100
