100.0045463 99.8531704 100.0078431 99.9418022 99.9999577 100.0 99.920371 100.155241 100.9843137 99.8958919 100.3239355 100.9294118 100.0596526 100.0000379 100.0 100.0841973 100.1714247 100.9215686 100.0872202 100.3293306 100.8941176 99.9984741 100.3320797 100.8941176 99.9586369 100.3320543 100.9098039 100 100 100 100 100 100 100.0397413 100.3374873 100.8941176 100 100 100 100 100 100 99.9953608 99.8422094 100.0196078 100.0152609 99.8422512 100.0196078 99.9769904 99.8694103 100.0196078 100.030542 99.8693861 100.9960784 100 100 100 100 100 100 100 100 100 100 100 100 100 100 100 100 100 100
100.0060718 99.8531693 100.027451 99.9417894 99.9999742 100.0196078 99.9218413 100.1551298 100.9960784 99.892785 100.3264738 100.9411765 100.0596502 100.0000125 100.0 100.0856049 100.1713897 100.9568627 100.0871991 100.326677 100.9294118 99.9984483 100.3320518 100.9294118 99.958615 100.3293493 100.9294118 100 100 100 100 100 100 100.0397128 100.3374727 100.9215686 100 100 100 100 100 100 99.9968307 99.8422098 100.0392157 100.0167572 99.8422591 100.0392157 99.9770092 99.8694492 100.0392157 100.0305654 99.8694174 100.0117647 100 100 100 100 100 100 100 100 100 100 100 100 100 100 100 100 100 100
100.0075469 99.8531718 100.0470588 99.9432673 99.9999548 100.0392157 99.9203026 100.1551712 100.0117647 99.8897824 100.3238829 100.9686275 100.0596478 100.0000271 100.0 100.0856169 100.1740822 100.9882353 100.0872146 100.3292967 100.9490196 99.9984105 100.3320516 100.9490196 99.9570849 100.3319837 100.9411765 100 100 100 100 100 100 100.038205 100.3374518 100.9411765 100 100 100 100 100 100 99.9968484 99.8421889 100.0588235 100.0182612 99.8422405 100.0588235 99.9785038 99.8693642 100.0470588 100.0335513 99.8694662 100.0313725 100 100 100 100 100 100 100 100 100 100 100 100 100 100 100 100 100 100
100.0076054 99.8532141 100.0156863 99.9418473 99.9999434 100.0078431 99.9173435 100.1550996 100.9921569 99.8867481 100.3211596 100.9372549 100.0596604 100.000061 100.0 100.0841654 100.1740786 100.9294118 100.0857467 100.3320188 100.9098039 99.9969365 100.3374482 100.9098039 99.9555998 100.3320522 100.9176471 100 100 100 100 100 100 100.0367418 100.3429212 100.9019608 100 100 100 100 100 100 99.9968415 99.8422237 100.027451 100.0183485 99.8422722 100.027451 99.9770667 99.8693656 100.027451 100.0335643 99.8695111 100.0078431 100 100 100 100 100 100 100 100 100 100 100 100 100 100 100 100 100 100
100.0090691 99.8557932 100.0156863 99.9433241 99.9999121 100.0078431 99.914255 100.1550553 100.9921569 99.8775126 100.3129133 100.9372549 100.0596502 100.0000528 100.0 100.0841483 100.1741327 100.9372549 100.0871948 100.3293326 100.9098039 99.9983618 100.3320043 100.9098039 99.9585937 100.3292994 100.9098039 100 100 100 100 100 100 100.0381881 100.3401321 100.9098039 100 100 100 100 100 100 99.9968797 99.8422246 100.027451 100.019848 99.8448419 100.027451 99.9815567 99.8693108 100.0156863 100.0336066 99.8695065 100.0078431 100 100 100 100 100 100 100 100 100 100 100 100 100 100 100 100 100 100
100.007595 99.8532135 100.0196078 99.9433527 99.9998979 100.0 99.9112828 100.155034 100.9843137 99.8729589 100.3102612 100.9294118 100.0581776 100.0000742 100.0 100.0826812 100.1742664 100.9294118 100.0857016 100.3293215 100.9019608 99.9954267 100.3347413 100.8941176 99.9555563 100.332026 100.9019608 100 100 100 100 100 100 100.0352121 100.3428719 100.8941176 100 100 100 100 100 100 99.9954102 99.8422354 100.0196078 100.0197841 99.8448309 100.0196078 99.9815555 99.8693365 100.0078431 100.0321511 99.8695307 100.0 100 100 100 100 100 100 100 100 100 100 100 100 100 100 100 100 100 100
100.0046813 99.8532325 100.0470588 99.9418672 99.9973602 100.027451 99.9081295 100.1524116 100.0 99.8592189 100.3048258 100.9647059 100.0566531 100.000122 100.0 100.0796726 100.174221 100.9568627 100.0827068 100.3320783 100.9294118 99.9924314 100.332092 100.9294118 99.9526022 100.3293673 100.9294118 100 100 100 100 100 100 100.0322142 100.3402306 100.9294118 100 100 100 100 100 100 99.9938723 99.8423005 100.0470588 100.016878 99.8448783 100.0470588 99.9800675 99.8694141 100.0352941 100.030594 99.8695847 100.027451 100 100 100 100 100 100 100 100 100 100 100 100 100 100 100 100 100 100
100.0060858 99.8532063 100.9960784 99.941878 99.9973446 100.9764706 99.9065918 100.1523504 100.9490196 99.8515783 100.3047762 100.9098039 100.0566742 100.0001403 100.0 100.0796612 100.1742381 100.9019608 100.0827044 100.3348129 100.8745098 99.9923979 100.3293741 100.8745098 99.9525479 100.3266271 100.8823529 100 100 100 100 100 100 100.0321735 100.3374856 100.8745098 100 100 100 100 100 100 99.9938923 99.8422749 100.9960784 100.0169105 99.8448841 100.9960784 99.9800873 99.8694049 100.9843137 100.0306192 99.8695447 100.9764706 100 100 100 100 100 100 100 100 100 100 100 100 100 100 100 100 100 100
100.004607 99.8532233 100.0470588 99.9418157 99.9972749 100.0470588 99.900508 100.1498004 100.0117647 99.8439282 100.2939975 100.9764706 100.0566248 100.0001541 100.0 100.079573 100.1742287 100.9686275 100.082647 100.3320585 100.9411765 99.9908523 100.3320336 100.9411765 99.9495224 100.326614 100.9607843 100 100 100 100 100 100 100.0306441 100.3375089 100.9411765 100 100 100 100 100 100 99.9924275 99.8422846 100.0470588 100.0168162 99.8449251 100.0470588 99.9786236 99.8694774 100.0470588 100.029156 99.8695394 100.0392157 100 100 100 100 100 100 100 100 100 100 100 100 100 100 100 100 100 100
100.0031609 99.853248 100.027451 99.94034 99.9946927 100.0156863 99.8944783 100.1496482 100.9921569 99.8332843 100.2858185 100.945098 100.0551792 100.0001737 100.0 100.0780965 100.1742127 100.9372549 100.0811835 100.3321392 100.9098039 99.9893805 100.3293172 100.9098039 99.9495327 100.3239137 100.9098039 100 100 100 100 100 100 100.029165 100.3320752 100.9098039 100 100 100 100 100 100 99.9924226 99.8422898 100.0156863 100.0153765 99.8450166 100.0156863 99.9771611 99.8693941 100.027451 100.027693 99.8695914 100.0156863 100 100 100 100 100 100 100 100 100 100 100 100 100 100 100 100 100 100
100.0031626 99.8558907 100.0156863 99.9403329 99.9893135 100.0 99.8837256 100.1334607 100.9921569 99.8071945 100.2559441 100.9568627 100.0581728 100.0002336 100.0 100.0765845 100.1742166 100.9372549 100.0811913 100.3321843 100.9098039 99.98929 100.3267155 100.9176471 99.9495121 100.3239056 100.9098039 100 100 100 100 100 100 100.0291162 100.3321101 100.9098039 100 100 100 100 100 100 99.9954742 99.8423297 100.027451 100.0153924 99.8450765 100.027451 99.9771373 99.8694083 100.0156863 100.0291189 99.8721917 100.0078431 100 100 100 100 100 100 100 100 100 100 100 100 100 100 100 100 100 100
100.0061162 99.8558566 100.027451 99.9403346 99.9917588 100.0078431 99.8775443 100.1224282 100.0 99.791877 100.2258776 100.6705882 100.0581795 100.0028015 100.0 100.0780785 100.1767999 100.945098 100.0841549 100.3401459 100.9019608 99.9892519 100.3292044 100.9098039 99.9495188 100.3237602 100.9176471 100 100 100 100 100 100 100.0275938 100.3319489 100.9098039 100 100 100 100 100 100 99.998422 99.8448103 100.027451 100.0183657 99.8475726 100.027451 99.9785712 99.8719323 100.027451 100.0321511 99.8747033 100.0156863 100 100 100 100 100 100 100 100 100 100 100 100 100 100 100 100 100 100
100.007651 99.8558894 100.027451 99.9403373 99.9891722 100.0 99.8729446 100.1169549 100.0 99.7827109 100.2149634 100.6705882 100.058178 100.0028248 100.0 100.0780766 100.1741899 100.9294118 100.084163 100.3374688 100.9098039 99.9892589 100.3292898 100.9098039 99.9495053 100.3238329 100.9098039 100 100 100 100 100 100 100.0291073 100.3346864 100.9098039 100 100 100 100 100 100 99.9984631 99.8422411 100.0156863 100.0199008 99.8475826 100.0156863 99.9785972 99.8719804 100.027451 100.0321724 99.8747247 100.0156863 100 100 100 100 100 100 100 100 100 100 100 100 100 100 100 100 100 100
100.0106699 99.8612038 100.0352941 99.9403211 99.9891132 100.0078431 99.8651902 100.0951747 100.0 99.7673086 100.1606966 100.1921569 100.0596643 100.0055548 100.0 100.0810979 100.1796179 100.9294118 100.0841499 100.3482476 100.9098039 99.9892395 100.3346403 100.9098039 99.9494725 100.329224 100.9098039 100 100 100 100 100 100 100.0305704 100.3373992 100.9098039 100 100 100 100 100 100 99.9999219 99.8475619 100.027451 100.0229001 99.8503554 100.027451 99.9815895 99.8720961 100.027451 100.036608 99.8774767 100.027451 100 100 100 100 100 100 100 100 100 100 100 100 100 100 100 100 100 100
100.0107045 99.8639348 100.027451 99.9403229 99.9891827 100.027451 99.8561286 100.0763024 100.0156863 99.7566318 100.1332802 100.6705882 100.0596703 100.0082836 100.0 100.0810938 100.1824196 100.9294118 100.0841466 100.348257 100.9098039 99.9892327 100.3401547 100.9098039 99.9494426 100.3373756 100.9098039 100 100 100 100 100 100 100.0305578 100.3455927 100.9098039 100 100 100 100 100 100 99.9999681 99.8502893 100.027451 100.0229445 99.8530978 100.027451 99.9831527 99.8747618 100.0352941 100.0366753 99.8802554 100.027451 100 100 100 100 100 100 100 100 100 100 100 100 100 100 100 100 100 100
100.0121079 99.8666234 100.027451 99.9403131 99.9918053 100.0 99.8560641 100.0734146 100.0078431 99.7550874 100.1170132 100.6627451 100.0610892 100.010981 100.0 100.0810835 100.185105 100.9098039 100.0841021 100.3536915 100.9019608 99.9891963 100.3455702 100.9019608 99.9494027 100.3401729 100.9019608 100 100 100 100 100 100 100.0305256 100.3536863 100.9019608 100 100 100 100 100 100 99.999964 99.8529949 100.0196078 100.0243452 99.8558009 100.0196078 99.9846094 99.8774843 100.027451 100.0366742 99.8829571 100.0196078 100 100 100 100 100 100 100 100 100 100 100 100 100 100 100 100 100 100
100.0107048 99.8667157 100.0470588 99.9403907 99.9917625 100.0078431 99.8530631 100.0598584 100.0352941 99.7536177 100.0978947 100.6901961 100.059697 100.0135409 100.0 100.0796526 100.185159 100.9490196 100.0826754 100.3537315 100.9294118 99.987763 100.3483312 100.9294118 99.946495 100.3455774 100.9294118 100 100 100 100 100 100 100.0276188 100.3537725 100.9294118 100 100 100 100 100 100 99.9985631 99.8530505 100.0470588 100.0229442 99.8558644 100.0470588 99.9832061 99.8775625 100.0470588 100.0352643 99.883022 100.0352941 100 100 100 100 100 100 100 100 100 100 100 100 100 100 100 100 100 100
100.0107169 99.8693537 100.027451 99.9403901 99.9918574 100.0156863 99.8515418 100.0462165 100.0352941 99.7536659 100.0598331 100.6705882 100.0596949 100.016205 100.972549 100.0781314 100.1877308 100.9372549 100.0826656 100.3537161 100.9098039 99.9877564 100.3536832 100.9098039 99.947954 100.3509796 100.9176471 100 100 100 100 100 100 100.0276076 100.3591149 100.9098039 100 100 100 100 100 100 99.9985876 99.8530682 100.027451 100.0229528 99.8585128 100.027451 99.9832339 99.8775485 100.0352941 100.0352763 99.885705 100.027451 100 100 100 100 100 100 100 100 100 100 100 100 100 100 100 100 100 100
100.0106854 99.8720092 100.0470588 99.9418858 99.9943789 100.0392157 99.8514926 100.0407299 100.0470588 99.7535259 100.043451 100.372549 100.059668 100.0163186 100.9960784 100.0780909 100.1904556 100.9411765 100.0811496 100.3617151 100.9215686 99.9862929 100.3563837 100.9215686 99.9464378 100.3563426 100.9215686 100 100 100 100 100 100 100.0275721 100.3617702 100.9215686 100 100 100 100 100 100 99.9985474 99.8557328 100.0392157 100.0229176 99.8611483 100.0392157 99.9846558 99.880189 100.054902 100.0352495 99.8883245 100.0470588 100 100 100 100 100 100 100 100 100 100 100 100 100 100 100 100 100 100
100.0107117 99.8720452 100.0666667 99.9418499 99.9917774 100.054902 99.8485168 100.0271934 100.0823529 99.7536335 100.0190619 100.0666667 100.059694 100.016396 100.9843137 100.0781098 100.1930575 100.9686275 100.0811513 100.3591313 100.9490196 99.9862351 100.3591353 100.9490196 99.941897 100.3590994 100.9490196 100 100 100 100 100 100 100.0260524 100.3645763 100.9411765 100 100 100 100 100 100 99.9999551 99.8557639 100.0666667 100.0229486 99.861173 100.0666667 99.9846981 99.8802405 100.0745098 100.0352769 99.8883674 100.0745098 100 100 100 100 100 100 100 100 100 100 100 100 100 100 100 100 100 100
100.0106838 99.8721056 100.0470588 99.9433811 99.9891217 100.0196078 99.8514561 100.0163938 100.054902 99.7551382 99.9972778 100.0196078 100.0596635 100.0189685 100.9764706 100.0765583 100.1905639 100.9411765 100.0810925 100.3564885 100.9215686 99.986192 100.3537264 100.9215686 99.9433506 100.3510183 100.9215686 100 100 100 100 100 100 100.0245448 100.3591948 100.9215686 100 100 100 100 100 100 99.9999182 99.8558087 100.0392157 100.022919 99.8612145 100.0392157 99.9846722 99.8803165 100.0470588 100.0352448 99.8883995 100.0392157 100 100 100 100 100 100 100 100 100 100 100 100 100 100 100 100 100 100
100.0106823 99.8720959 100.0470588 99.946395 99.9835738 100.0117647 99.8499761 100.0162728 100.0470588 99.7596704 99.9863297 100.0 100.0596386 100.0215763 100.9960784 100.0780588 100.1957718 100.9411765 100.0810908 100.3617522 100.9215686 99.986201 100.3536151 100.9215686 99.9448637 100.3482155 100.9294118 100 100 100 100 100 100 100.0259854 100.3617515 100.9215686 100 100 100 100 100 100 99.9999051 99.8583919 100.0392157 100.0229059 99.8637494 100.0392157 99.9846443 99.8829046 100.054902 100.0352339 99.890937 100.0470588 100 100 100 100 100 100 100 100 100 100 100 100 100 100 100 100 100 100
100.010695 99.8721458 100.0392157 99.9449007 99.9809407 100.0392157 99.8515327 100.0135415 100.0392157 99.76122 99.9781809 100.0196078 100.0596476 100.0191107 100.0 100.0780491 100.193239 100.9411765 100.0810818 100.3590908 100.9215686 99.986193 100.3510029 100.9215686 99.943363 100.3482723 100.9294118 100 100 100 100 100 100 100.0245228 100.3591107 100.9215686 100 100 100 100 100 100 99.9999269 99.858433 100.027451 100.0229351 99.8638449 100.0392157 99.984671 99.8830102 100.0392157 100.0352564 99.8910337 100.027451 100 100 100 100 100 100 100 100 100 100 100 100 100 100 100 100 100 100
100.0106508 99.8748141 100.0470588 99.9448688 99.9809338 100.0 99.8484444 100.0027212 100.0392157 99.7642906 99.9700082 100.0117647 100.0596483 100.0191325 100.9843137 100.0765393 100.1931861 100.9411765 100.0795879 100.35917 100.9215686 99.9861671 100.3483013 100.9215686 99.944865 100.3455586 100.9215686 100 100 100 100 100 100 100.0245008 100.3510432 100.9215686 100 100 100 100 100 100 99.9998988 99.8584726 100.0392157 100.022903 99.8639022 100.0392157 99.9846429 99.8829787 100.0470588 100.0352457 99.891035 100.0392157 100 100 100 100 100 100 100 100 100 100 100 100 100 100 100 100 100 100
100.0106463 99.874845 100.0470588 99.9448831 99.9783386 100.0352941 99.8469428 99.9972178 100.054902 99.7672896 99.953769 100.0078431 100.0596529 100.0216967 100.9921569 100.0780365 100.193318 100.9490196 100.0810795 100.3619029 100.9294118 99.986178 100.351019 100.9294118 99.9448789 100.3456398 100.9294118 100 100 100 100 100 100 100.0245138 100.3537765 100.9294118 100 100 100 100 100 100 99.9985229 99.8585267 100.0470588 100.0228989 99.8639574 100.0470588 99.9846619 99.8830252 100.054902 100.0352535 99.8885729 100.054902 100 100 100 100 100 100 100 100 100 100 100 100 100 100 100 100 100 100
100.010597 99.874865 100.0352941 99.9463945 99.9783136 100.0078431 99.8453788 99.9971561 100.027451 99.7672704 99.9483493 100.0078431 100.0596282 100.0216875 100.9843137 100.0764956 100.1930909 100.9294118 100.0795518 100.3645583 100.9098039 99.9861446 100.3483514 100.9098039 99.9448372 100.3455941 100.9294118 100 100 100 100 100 100 100.0244802 100.3537319 100.9098039 100 100 100 100 100 100 99.9984669 99.8611695 100.027451 100.0228436 99.8639656 100.027451 99.9846245 99.8830265 100.0352941 100.0352088 99.888564 100.0352941 100 100 100 100 100 100 100 100 100 100 100 100 100 100 100 100 100 100
100.0105556 99.8748553 100.054902 99.9478597 99.9783489 100.0078431 99.8468742 99.9919102 100.0352941 99.7672602 99.9375306 100.0078431 100.059642 100.0191913 100.0196078 100.0779663 100.1932861 100.9490196 100.0795238 100.364613 100.9215686 99.9861471 100.3482984 100.9294118 99.946375 100.3428961 100.9372549 100 100 100 100 100 100 100.0244772 100.3510415 100.9294118 100 100 100 100 100 100 99.9984284 99.8585706 100.0470588 100.0228026 99.8639681 100.0470588 99.9845894 99.8830101 100.054902 100.0351851 99.88857 100.054902 100 100 100 100 100 100 100 100 100 100 100 100 100 100 100 100 100 100
100.0105562 99.8748615 100.0588235 99.9478409 99.9782779 100.0392157 99.849887 99.9810907 100.0588235 99.7703562 99.9321198 100.0313725 100.0596427 100.02174 100.0117647 100.0779747 100.1932432 100.9607843 100.0780121 100.3646275 100.9411765 99.98609 100.3456728 100.9490196 99.9433106 100.3429011 100.9490196 100 100 100 100 100 100 100.0244333 100.3510685 100.9411765 100 100 100 100 100 100 99.9984077 99.8612459 100.0588235 100.0227949 99.863945 100.0588235 99.9845657 99.8830865 100.0588235 100.0351707 99.8885542 100.0470588 100 100 100 100 100 100 100 100 100 100 100 100 100 100 100 100 100 100
100.0091434 99.8748867 100.0745098 99.9463534 99.9782973 100.0470588 99.8499171 99.9783551 100.0823529 99.7718641 99.9319397 100.054902 100.0596525 100.0217308 100.027451 100.0780131 100.1958449 100.9764706 100.0780123 100.3646758 100.9568627 99.9861338 100.3483233 100.9568627 99.9463403 100.3429103 100.9764706 100 100 100 100 100 100 100.0244752 100.3510768 100.9568627 100 100 100 100 100 100 99.9984071 99.8612302 100.0745098 100.0213932 99.8639244 100.0745098 99.9831267 99.8830529 100.0745098 100.0351922 99.8885046 100.0745098 100 100 100 100 100 100 100 100 100 100 100 100 100 100 100 100 100 100
100.0076717 99.8749467 100.0745098 99.9463906 99.9782879 100.0470588 99.8484956 99.9782881 100.054902 99.771923 99.9266449 100.054902 100.0596423 100.0217526 100.0196078 100.0780355 100.1959205 100.9686275 100.0780638 100.3619788 100.9490196 99.9846704 100.3456664 100.9568627 99.944881 100.3402231 100.9490196 100 100 100 100 100 100 100.0230048 100.3483724 100.9568627 100 100 100 100 100 100 99.9969311 99.8612662 100.0666667 100.0199213 99.8639816 100.0666667 99.9816533 99.8830843 100.0745098 100.0337238 99.8885899 100.0745098 100 100 100 100 100 100 100 100 100 100 100 100 100 100 100 100 100 100
100.0090937 99.8749054 100.0470588 99.9464082 99.9783259 100.0352941 99.8499474 99.978299 100.0352941 99.7719677 99.9212092 100.0352941 100.0581932 100.0192173 100.9921569 100.0765635 100.1933335 100.9490196 100.078077 100.3592569 100.9294118 99.9846687 100.3456771 100.9294118 99.9449072 100.3429045 100.9372549 100 100 100 100 100 100 100.0230067 100.348381 100.9294118 100 100 100 100 100 100 99.9969455 99.8612543 100.0352941 100.0199241 99.8639591 100.0352941 99.9816556 99.8831339 100.054902 100.0337162 99.8885148 100.054902 100 100 100 100 100 100 100 100 100 100 100 100 100 100 100 100 100 100
100.0076632 99.874906 100.0588235 99.9464186 99.9783015 100.0117647 99.8499401 99.9756833 100.0470588 99.7719132 99.9158447 100.0470588 100.0581978 100.0192416 100.0196078 100.0795609 100.1959877 100.9607843 100.079555 100.3620329 100.9333333 99.9846802 100.3429615 100.9411765 99.9463794 100.3375068 100.9490196 100 100 100 100 100 100 100.0244494 100.3456791 100.9411765 100 100 100 100 100 100 99.9969141 99.8586482 100.0588235 100.0199054 99.8613562 100.0588235 99.9816188 99.8831394 100.0470588 100.0336987 99.888485 100.0470588 100 100 100 100 100 100 100 100 100 100 100 100 100 100 100 100 100 100
100.0076632 99.8722898 100.0666667 99.9464227 99.9783106 100.0392157 99.8484382 99.9756486 100.054902 99.7734829 99.9157853 100.0470588 100.0581967 100.0192425 100.027451 100.079574 100.1933824 100.9686275 100.0795727 100.3646049 100.9490196 99.9846549 100.342905 100.9568627 99.9448936 100.3347874 100.9490196 100 100 100 100 100 100 100.0229997 100.3456324 100.9490196 100 100 100 100 100 100 99.9969128 99.8586063 100.0666667 100.0199047 99.8613185 100.0666667 99.9816186 99.885713 100.054902 100.0336939 99.8885131 100.054902 100 100 100 100 100 100 100 100 100 100 100 100 100 100 100 100 100 100
100.0076289 99.8722977 100.0588235 99.9464206 99.9783141 100.0117647 99.8484463 99.9756605 100.0588235 99.7749231 99.9157851 100.0470588 100.0596127 100.0192529 100.0196078 100.0795613 100.1933859 100.9607843 100.0795831 100.364682 100.9333333 99.9846453 100.34561 100.9411765 99.9448758 100.3402084 100.9490196 100 100 100 100 100 100 100.0229741 100.3456802 100.9411765 100 100 100 100 100 100 99.9968798 99.8585796 100.0588235 100.0198718 99.8613179 100.0588235 99.9815821 99.8830993 100.0588235 100.0336764 99.8884546 100.0470588 100 100 100 100 100 100 100 100 100 100 100 100 100 100 100 100 100 100
100.0076422 99.872285 100.0666667 99.9464018 99.978331 100.0392157 99.8469371 99.9756306 100.0745098 99.7734374 99.9157465 100.0470588 100.0596188 100.0192329 100.0078431 100.0795653 100.1933233 100.9686275 100.0810332 100.3619446 100.9490196 99.9846576 100.3455876 100.9568627 99.9463657 100.3375051 100.9568627 100 100 100 100 100 100 100.0244416 100.3456816 100.9568627 100 100 100 100 100 100 99.996895 99.8585742 100.0666667 100.0198891 99.8613081 100.0666667 99.9816006 99.8830776 100.0745098 100.0336902 99.8884304 100.0666667 100 100 100 100 100 100 100 100 100 100 100 100 100 100 100 100 100 100
100.0076386 99.8722985 100.0588235 99.9464115 99.9783159 100.0392157 99.8484107 99.9756639 100.0470588 99.7718941 99.9158556 100.0470588 100.0595996 100.0192448 100.0117647 100.0795612 100.1959245 100.9607843 100.0810371 100.3619468 100.9333333 99.9846561 100.3483785 100.9411765 99.9433329 100.3456553 100.9411765 100 100 100 100 100 100 100.024427 100.3511142 100.9411765 100 100 100 100 100 100 99.9968764 99.8586096 100.0470588 100.0198667 99.8613113 100.0470588 99.9815797 99.8857117 100.0588235 100.0336695 99.8884666 100.0588235 100 100 100 100 100 100 100 100 100 100 100 100 100 100 100 100 100 100
100.0076386 99.8722985 100.0666667 99.9464115 99.9783159 100.027451 99.8484107 99.9756639 100.054902 99.7718941 99.9158556 100.0470588 100.0595996 100.0192448 100.0 100.0795612 100.1959245 100.9686275 100.0810371 100.3619468 100.9411765 99.9846561 100.3483785 100.9490196 99.9433329 100.3456553 100.9568627 100 100 100 100 100 100 100.024427 100.3511142 100.9490196 100 100 100 100 100 100 99.9968764 99.8586096 100.0666667 100.0198667 99.8613113 100.0666667 99.9815797 99.8857117 100.0666667 100.0336695 99.8884666 100.0745098 100 100 100 100 100 100 100 100 100 100 100 100 100 100 100 100 100 100
100.0076365 99.872258 100.0392157 99.9463661 99.9783407 100.0117647 99.8469092 99.9782161 100.0392157 99.7688263 99.9184697 100.0117647 100.0596119 100.0192153 100.9960784 100.0795478 100.1933141 100.9411765 100.0810719 100.356566 100.9294118 99.9847065 100.3483128 100.9294118 99.9463752 100.3429067 100.9294118 100 100 100 100 100 100 100.0244888 100.3510734 100.9294118 100 100 100 100 100 100 99.9968734 99.8585634 100.0392157 100.0198658 99.8612733 100.0392157 99.981591 99.8856744 100.0392157 100.0336628 99.8884387 100.0392157 100 100 100 100 100 100 100 100 100 100 100 100 100 100 100 100 100 100
100.0090642 99.8722595 100.0392157 99.9448554 99.9783501 100.027451 99.8423434 99.9809784 100.027451 99.7657288 99.9320403 100.0117647 100.059627 100.0217281 100.9843137 100.0810409 100.1958814 100.9411765 100.0810861 100.3645931 100.9137255 99.9861587 100.3483709 100.9215686 99.9478473 100.3456094 100.9294118 100 100 100 100 100 100 100.0259954 100.3537581 100.9215686 100 100 100 100 100 100 99.9969043 99.8585697 100.027451 100.0198835 99.8612907 100.027451 99.9816004 99.8856732 100.0392157 100.0336739 99.8884407 100.0392157 100 100 100 100 100 100 100 100 100 100 100 100 100 100 100 100 100 100
100.0090813 99.872271 100.0666667 99.9448811 99.9783491 100.0392157 99.843852 99.9891467 100.0666667 99.7642819 99.9349056 100.0470588 100.0596303 100.0192096 100.0196078 100.0810544 100.1959117 100.9686275 100.0810987 100.3647109 100.9411765 99.9861861 100.3456009 100.9490196 99.9478925 100.337485 100.9490196 100 100 100 100 100 100 100.0260034 100.3456786 100.9490196 100 100 100 100 100 100 99.9969097 99.8585484 100.0666667 100.02130819999999 99.8612987 100.0666667 99.9816037 99.8831088 100.0666667 100.0336784 99.8884409 100.0666667 100 100 100 100 100 100 100 100 100 100 100 100 100 100 100 100 100 100
100.0090475 99.8722322 100.0470588 99.9463521 99.9783382 100.0470588 99.8422792 99.9946069 100.0352941 99.7596597 99.9429511 100.0078431 100.0596091 100.0192051 100.0 100.0810332 100.1933318 100.9490196 100.081072 100.3672944 100.9215686 99.9861331 100.3484108 100.9372549 99.9463875 100.345673 100.9294118 100 100 100 100 100 100 100.0259497 100.3511162 100.9372549 100 100 100 100 100 100 99.9968744 99.8585339 100.0470588 100.0198737 99.8612488 100.0470588 99.9815658 99.8831035 100.0352941 100.0336572 99.8884185 100.0352941 100 100 100 100 100 100 100 100 100 100 100 100 100 100 100 100 100 100
100.0090414 99.8722296 100.0470588 99.9463493 99.9783688 100.027451 99.8453673 99.997166 100.0352941 99.7550841 99.9510888 100.0196078 100.0596066 100.0191671 100.9921569 100.0810372 100.1932512 100.9372549 100.0810889 100.364617 100.9215686 99.9861378 100.3455313 100.9294118 99.9478748 100.340115 100.9294118 100 100 100 100 100 100 100.0259379 100.3482651 100.9294118 100 100 100 100 100 100 99.996867 99.8584913 100.0470588 100.019863 99.8612025 100.0470588 99.9815504 99.8856375 100.0470588 100.0336408 99.8883785 100.0352941 100 100 100 100 100 100 100 100 100 100 100 100 100 100 100 100 100 100
100.0091067 99.8722189 100.0588235 99.9449029 99.9783731 100.0470588 99.8454378 99.9973232 100.0470588 99.7551247 99.9564011 100.0313725 100.0596596 100.0191692 100.0 100.0811107 100.1932795 100.9607843 100.0811405 100.3646844 100.9333333 99.9862035 100.3456063 100.9411765 99.947919 100.3428365 100.9607843 100 100 100 100 100 100 100.0260136 100.3483103 100.9411765 100 100 100 100 100 100 99.996926 99.858491 100.0588235 100.0199303 99.86122399999999 100.0588235 99.9801394 99.8856763 100.0470588 100.0337037 99.888397 100.0470588 100 100 100 100 100 100 100 100 100 100 100 100 100 100 100 100 100 100
100.0091107 99.8721638 100.0196078 99.9463199 99.9809941 100.0 99.8438195 100.0001097 100.9960784 99.7534997 99.9727167 100.9764706 100.0596698 100.0191038 100.0 100.0825762 100.193215 100.9215686 100.0825636 100.3618689 100.9019608 99.9876203 100.3482988 100.9098039 99.9478477 100.3455573 100.9098039 100 100 100 100 100 100 100.0274487 100.3536914 100.9098039 100 100 100 100 100 100 99.9983541 99.8584298 100.0196078 100.0213508 99.8611962 100.0196078 99.9815584 99.8855831 100.0196078 100.0351348 99.888349 100.0196078 100 100 100 100 100 100 100 100 100 100 100 100 100 100 100 100 100 100
100.0076784 99.8721349 100.0117647 99.9434079 99.9863335 100.9960784 99.8454543 100.0054076 100.0 99.7520348 99.9782269 100.9686275 100.0596629 100.0190404 100.9764706 100.0811466 100.193188 100.9137255 100.08114 100.3618315 100.8941176 99.9847369 100.353651 100.8941176 99.9449065 100.3482551 100.9019608 100 100 100 100 100 100 100.024518 100.359091 100.8941176 100 100 100 100 100 100 99.9969198 99.8584003 100.0117647 100.0199226 99.86116 100.0117647 99.9801313 99.8855632 100.0196078 100.0337061 99.8883567 100.0196078 100 100 100 100 100 100 100 100 100 100 100 100 100 100 100 100 100 100
100.0076097 99.8721286 100.0470588 99.9463799 99.9836862 100.0352941 99.8453825 100.0162809 100.054902 99.7489491 99.9944939 100.9921569 100.0596178 100.0190551 100.0078431 100.081038 100.1903919 100.9372549 100.0810916 100.3590953 100.9294118 99.984674 100.3536949 100.9294118 99.9433513 100.3509841 100.9294118 100 100 100 100 100 100 100.0244473 100.3617958 100.9294118 100 100 100 100 100 100 99.9968599 99.8584407 100.0470588 100.0198549 99.8611789 100.0470588 99.9800887 99.8856179 100.0470588 100.0336513 99.8883308 100.0470588 100 100 100 100 100 100 100 100 100 100 100 100 100 100 100 100 100 100
100.0076528 99.8720379 100.0392157 99.944927 99.9916629 100.0196078 99.8454137 100.0190102 100.027451 99.7459624 100.0025546 100.9960784 100.058228 100.0189965 100.0 100.0811059 100.1929664 100.9411765 100.0811179 100.3590633 100.9215686 99.9846827 100.3563151 100.9215686 99.9418334 100.3509045 100.9215686 100 100 100 100 100 100 100.0244843 100.3617887 100.9215686 100 100 100 100 100 100 99.9968904 99.8583708 100.0392157 100.0198988 99.8610394 100.0392157 99.9801343 99.8855824 100.0392157 100.0336997 99.8882324 100.0392157 100 100 100 100 100 100 100 100 100 100 100 100 100 100 100 100 100 100
100.0090821 99.8693606 100.0392157 99.9433465 99.9917882 100.0117647 99.8484012 100.032663 100.027451 99.7428581 100.0325976 100.9843137 100.0611326 100.0164282 100.9960784 100.0825857 100.1905635 100.9490196 100.0811011 100.3618128 100.9137255 99.9861281 100.3510349 100.9137255 99.9418238 100.3456141 100.9215686 100 100 100 100 100 100 100.0244891 100.3591597 100.9137255 100 100 100 100 100 100 99.9983447 99.8531013 100.027451 100.0213279 99.8557659 100.027451 99.9816037 99.8829669 100.0392157 100.0351556 99.8856054 100.0392157 100 100 100 100 100 100 100 100 100 100 100 100 100 100 100 100 100 100
100.0075967 99.8667998 100.027451 99.9448442 99.9918033 100.0078431 99.8499301 100.0382194 100.0156863 99.7412894 100.0489444 100.9843137 100.0596864 100.0164088 100.0 100.0825561 100.190524 100.9372549 100.0810739 100.3618602 100.9098039 99.9861054 100.3510461 100.9098039 99.9417931 100.3483301 100.9176471 100 100 100 100 100 100 100.0244372 100.3564882 100.9098039 100 100 100 100 100 100 99.9969119 99.85307040000001 100.027451 100.0198454 99.8530759 100.027451 99.9815939 99.8829943 100.027451 100.0351499 99.8855753 100.027451 100 100 100 100 100 100 100 100 100 100 100 100 100 100 100 100 100 100
100.0075725 99.8667802 100.027451 99.9448579 99.9918335 100.0078431 99.8514137 100.0436509 100.0 99.7458832 100.0653985 100.9843137 100.059663 100.0163904 100.9921569 100.0810695 100.1903793 100.9372549 100.0810633 100.3618727 100.9098039 99.9846267 100.3483081 100.9098039 99.9403135 100.3456074 100.9176471 100 100 100 100 100 100 100.0229579 100.3537589 100.9098039 100 100 100 100 100 100 99.9968947 99.8530574 100.027451 100.0183435 99.8530851 100.027451 99.9815756 99.8830468 100.027451 100.0351208 99.8830837 100.027451 100 100 100 100 100 100 100 100 100 100 100 100 100 100 100 100 100 100
100.0060985 99.8666028 100.0196078 99.9418441 99.9943978 100.0 99.8530721 100.0626214 100.9960784 99.7505119 100.1061406 100.9568627 100.0596887 100.0163068 100.9960784 100.081108 100.1903776 100.9372549 100.0811022 100.3590505 100.9019608 99.9847213 100.3428404 100.9019608 99.9418712 100.3400831 100.9098039 100 100 100 100 100 100 100.0244804 100.348203 100.9019608 100 100 100 100 100 100 99.9969077 99.8502533 100.0196078 100.0168427 99.8503498 100.0196078 99.9800903 99.8829197 100.0196078 100.0351421 99.8829489 100.0196078 100 100 100 100 100 100 100 100 100 100 100 100 100 100 100 100 100 100
100.0045924 99.8665172 100.0196078 99.9418414 99.9944508 100.9960784 99.8531233 100.0760755 100.9960784 99.7505264 100.1279424 100.9568627 100.0596763 100.0162874 100.0 100.0811489 100.1930841 100.9294118 100.0810962 100.3564066 100.9019608 99.9846796 100.3482129 100.9019608 99.9403527 100.3454653 100.9098039 100 100 100 100 100 100 100.0244543 100.3536408 100.9019608 100 100 100 100 100 100 99.9968864 99.8476546 100.0196078 100.0153229 99.8502834 100.0196078 99.9786058 99.8855021 100.0196078 100.0336695 99.8829349 100.0196078 100 100 100 100 100 100 100 100 100 100 100 100 100 100 100 100 100 100
100.0031027 99.8613663 100.027451 99.9403724 99.9918905 100.0 99.8546543 100.0815627 100.0 99.7551272 100.1468757 100.945098 100.0596677 100.0136458 100.0 100.0811305 100.1877494 100.945098 100.0811512 100.3537242 100.9098039 99.984742 100.3483042 100.9098039 99.9418595 100.3428993 100.9098039 100 100 100 100 100 100 100.0245236 100.3564456 100.9098039 100 100 100 100 100 100 99.9954186 99.8450024 100.027451 100.0138657 99.845029 100.027451 99.9771256 99.8829166 100.027451 100.0321823 99.8802875 100.027451 100 100 100 100 100 100 100 100 100 100 100 100 100 100 100 100 100 100
100.002997 99.858633 100.0196078 99.9402933 99.991823 100.9960784 99.8637211 100.0953177 100.9843137 99.7657837 100.1822738 100.9490196 100.0596368 100.0109353 100.9960784 100.0825768 100.1851156 100.9372549 100.0825743 100.345686 100.9019608 99.9876457 100.3428911 100.9019608 99.9448349 100.3374513 100.9215686 100 100 100 100 100 100 100.0259912 100.3510669 100.9019608 100 100 100 100 100 100 99.9923366 99.8423307 100.0078431 100.0137643 99.8423162 100.0078431 99.9770614 99.8802319 100.0078431 100.029068 99.8775191 100.0 100 100 100 100 100 100 100 100 100 100 100 100 100 100 100 100 100 100
100.0015569 99.8586148 100.027451 99.9402974 99.9918355 100.0 99.8653062 100.1006457 100.9921569 99.7719406 100.1905545 100.9568627 100.0596281 100.0108967 100.9921569 100.0795698 100.1823246 100.9372549 100.0825982 100.3456347 100.9098039 99.9876879 100.3428608 100.9098039 99.944874 100.3374313 100.9098039 100 100 100 100 100 100 100.0260262 100.3510111 100.9098039 100 100 100 100 100 100 99.9908137 99.8422825 100.0156863 100.0137367 99.8422441 100.0156863 99.9770067 99.8801721 100.0156863 100.029037 99.8748422 100.0156863 100 100 100 100 100 100 100 100 100 100 100 100 100 100 100 100 100 100
100.0015415 99.8585363 100.0196078 99.9403128 99.9918384 100.9960784 99.8668854 100.1060972 100.9764706 99.7796118 100.2068112 100.9568627 100.0581816 100.0108853 100.9960784 100.0795727 100.1823335 100.9372549 100.0826776 100.3429256 100.9019608 99.9877611 100.3428642 100.9019608 99.9449289 100.3374066 100.9019608 100 100 100 100 100 100 100.027557 100.3509978 100.9019608 100 100 100 100 100 100 99.9893577 99.8422613 100.0196078 100.0123178 99.8421775 100.0196078 99.9769954 99.8801911 100.0078431 100.0275385 99.8721386 100.0 100 100 100 100 100 100 100 100 100 100 100 100 100 100 100 100 100 100
100.0001116 99.8611637 100.027451 99.9403259 99.9944756 100.0 99.8730378 100.122371 100.9843137 99.7934065 100.2313365 100.945098 100.0566976 100.0134654 100.9921569 100.0781367 100.1848845 100.945098 100.0827206 100.3455853 100.9098039 99.987857 100.3400635 100.9098039 99.9480351 100.3318852 100.9019608 100 100 100 100 100 100 100.0276309 100.342822 100.9098039 100 100 100 100 100 100 99.987884 99.8448899 100.027451 100.0122543 99.8422776 100.027451 99.975521 99.882935 100.0156863 100.0260545 99.8747706 100.0078431 100 100 100 100 100 100 100 100 100 100 100 100 100 100 100 100 100 100
100.0000556 99.8585751 100.027451 99.9389071 99.9919045 100.0117647 99.8761016 100.1225621 100.9843137 99.8010712 100.2422199 100.9568627 100.0551833 100.0108309 100.0 100.0766553 100.1796184 100.9686275 100.084209 100.3403117 100.9294118 99.9893207 100.3374304 100.9294118 99.9495485 100.3319839 100.9215686 100 100 100 100 100 100 100.0276672 100.3401622 100.9294118 100 100 100 100 100 100 99.9878406 99.8423133 100.0392157 100.0107768 99.839657 100.0392157 99.9740493 99.8802886 100.0196078 100.0246121 99.8721675 100.0196078 100 100 100 100 100 100 100 100 100 100 100 100 100 100 100 100 100 100
100.0000025 99.8585775 100.0352941 99.9403311 99.991921 100.0196078 99.8791247 100.1252034 100.0 99.8070848 100.2531699 100.9764706 100.0551032 100.008236 100.0 100.0780751 100.1795598 100.9372549 100.0841889 100.3402353 100.9372549 99.9907913 100.337439 100.9372549 99.9510155 100.331994 100.9294118 100 100 100 100 100 100 100.0306072 100.3401536 100.9372549 100 100 100 100 100 100 99.9892132 99.844884 100.0470588 100.0106794 99.8396212 100.0470588 99.9739595 99.8802036 100.0352941 100.0259949 99.8694455 100.027451 100 100 100 100 100 100 100 100 100 100 100 100 100 100 100 100 100 100
99.9984495 99.8586044 100.027451 99.9417912 99.9919706 100.0117647 99.8837102 100.1414098 100.9843137 99.8209311 100.2749241 100.9686275 100.0550743 100.0082 100.9960784 100.0795943 100.1796419 100.9568627 100.0872072 100.340205 100.9294118 99.992323 100.3347341 100.9215686 99.9540232 100.3292666 100.9294118 100 100 100 100 100 100 100.0321288 100.337431 100.9294118 100 100 100 100 100 100 99.9877173 99.8423088 100.0392157 100.0061728 99.8396242 100.0392157 99.9709162 99.8803305 100.027451 100.0245001 99.8694591 100.0117647 100 100 100 100 100 100 100 100 100 100 100 100 100 100 100 100 100 100
99.995454 99.8585349 100.0156863 99.9418068 99.9945397 100.0 99.891322 100.1415724 100.9843137 99.8300831 100.2910572 100.945098 100.0536555 100.0081343 100.9921569 100.0795943 100.17689 100.945098 100.087246 100.3400887 100.9098039 99.9923852 100.3346723 100.9098039 99.9540829 100.3265394 100.9176471 100 100 100 100 100 100 100.0336958 100.3373773 100.9098039 100 100 100 100 100 100 99.9847448 99.8422901 100.027451 100.0061478 99.839604 100.027451 99.9694328 99.8803511 100.0156863 100.0229999 99.8694197 100.0 100 100 100 100 100 100 100 100 100 100 100 100 100 100 100 100 100 100
99.9969794 99.8584877 100.0196078 99.9433469 99.9945958 100.0117647 99.8959622 100.1441586 100.9960784 99.8377892 100.2966262 100.9568627 100.0566449 100.0080744 100.0 100.082646 100.1768203 100.9490196 100.0903099 100.3373471 100.9215686 99.9954611 100.3319616 100.9215686 99.9571543 100.3265029 100.9294118 100 100 100 100 100 100 100.036758 100.3346768 100.9215686 100 100 100 100 100 100 99.9862281 99.844872 100.027451 100.0076979 99.8395827 100.0392157 99.971021 99.8803019 100.027451 100.0244893 99.8694124 100.0117647 100 100 100 100 100 100 100 100 100 100 100 100 100 100 100 100 100 100
99.9984833 99.8531771 100.027451 99.9433218 99.9946459 100.0117647 99.9035316 100.1496809 100.9960784 99.8591439 100.3129148 100.9411765 100.0581788 100.0027132 100.9960784 100.0842107 100.1714402 100.9490196 100.0932798 100.3320223 100.9215686 99.9984915 100.3293314 100.9215686 99.9601774 100.3265581 100.9294118 100 100 100 100 100 100 100.0397787 100.3320141 100.9215686 100 100 100 100 100 100 99.9862742 99.8395408 100.0392157 100.0092107 99.8342447 100.0392157 99.9739015 99.8749126 100.027451 100.024433 99.8613695 100.0117647 100 100 100 100 100 100 100 100 100 100 100 100 100 100 100 100 100 100
99.9999367 99.8531929 100.0392157 99.9417791 99.9973129 100.0313725 99.9111619 100.1524761 100.0117647 99.8698218 100.3130478 100.9686275 100.0596133 100.0000832 100.0 100.0856947 100.1688012 100.9607843 100.0947682 100.3319177 100.9490196 99.9999952 100.3293265 100.9490196 99.961662 100.3265755 100.9490196 100 100 100 100 100 100 100.0427866 100.3319945 100.9490196 100 100 100 100 100 100 99.9877083 99.8395765 100.0470588 100.0106585 99.8367507 100.0470588 99.9739841 99.8749694 100.0470588 100.024484 99.8613341 100.0392157 100 100 100 100 100 100 100 100 100 100 100 100 100 100 100 100 100 100
99.9999357 99.8505591 100.0196078 99.940328 99.9973904 100.0 99.9127582 100.1525095 100.9960784 99.8775535 100.32114 100.9490196 100.0596275 100.0000173 100.0 100.0857179 100.171512 100.9568627 100.0932983 100.3292302 100.9215686 99.999996 100.3320598 100.9215686 99.9616488 100.3293545 100.9215686 100 100 100 100 100 100 100.0427992 100.3321148 100.9215686 100 100 100 100 100 100 99.9877021 99.8368832 100.027451 100.0106556 99.834092 100.027451 99.973964 99.8723328 100.027451 100.0244761 99.858668 100.0117647 100 100 100 100 100 100 100 100 100 100 100 100 100 100 100 100 100 100
99.9999372 99.8531434 100.0078431 99.9403314 99.9999765 100.9921569 99.9143407 100.1578504 100.9921569 99.888274 100.3292232 100.9372549 100.0596419 99.9999911 100.0 100.0857263 100.1713556 100.9372549 100.0918283 100.3318929 100.9176471 100.0000158 100.3319595 100.9176471 99.9602248 100.3319007 100.9176471 100 100 100 100 100 100 100.042834 100.3346168 100.9176471 100 100 100 100 100 100 99.9876838 99.8395021 100.0156863 100.0106472 99.8366622 100.0156863 99.9739568 99.8774522 100.0078431 100.0244771 99.8638836 100.0 100 100 100 100 100 100 100 100 100 100 100 100 100 100 100 100 100 100
99.9985195 99.8505237 100.0 99.938876 100.0000597 100.9960784 99.9235087 100.1578148 100.9764706 99.9021214 100.3320122 100.9215686 100.0582486 99.9946917 100.0 100.0857637 100.1634042 100.9372549 100.0888492 100.3266059 100.9019608 100.0000306 100.3320241 100.9019608 99.9602545 100.3293591 100.9098039 100 100 100 100 100 100 100.0398794 100.332044 100.9019608 100 100 100 100 100 100 99.9862887 99.8395486 100.0078431 100.0092007 99.8340789 100.0078431 99.9725089 99.874853 100.0078431 100.0230804 99.861342 100.9960784 100 100 100 100 100 100 100 100 100 100 100 100 100 100 100 100 100 100
99.9998802 99.8505581 100.027451 99.9402612 100.0000597 100.0196078 99.9264551 100.1553157 100.0 99.9111628 100.3321159 100.9490196 100.0596334 99.9946852 100.0078431 100.0871693 100.1633827 100.9568627 100.0887662 100.3293124 100.9294118 100.0014244 100.3320724 100.9294118 99.9601655 100.3293807 100.9372549 100 100 100 100 100 100 100.0412833 100.3321061 100.9294118 100 100 100 100 100 100 99.9876687 99.8395353 100.0352941 100.0091175 99.8315713 100.0352941 99.9738891 99.8723214 100.027451 100.0244749 99.8612932 100.0196078 100 100 100 100 100 100 100 100 100 100 100 100 100 100 100 100 100 100
99.9984745 99.8530608 100.0117647 99.9402479 100.0001247 100.0117647 99.9265584 100.1579465 100.9960784 99.915736 100.3321402 100.9490196 100.0596516 99.9946217 100.0 100.0871837 100.1634063 100.9568627 100.0887955 100.3265757 100.9215686 100.0000338 100.3266227 100.9215686 99.9616775 100.326597 100.9294118 100 100 100 100 100 100 100.0398004 100.3266082 100.9215686 100 100 100 100 100 100 99.987658 99.8396051 100.027451 100.0076459 99.8340858 100.027451 99.9724333 99.8723311 100.027451 100.0244602 99.8640475 100.0117647 100 100 100 100 100 100 100 100 100 100 100 100 100 100 100 100 100 100
99.998411 99.8505736 100.0196078 99.9402469 100.0001559 100.0117647 99.9279775 100.1579966 100.0 99.9158282 100.3321551 100.9411765 100.0596484 99.9919901 100.9843137 100.0871671 100.158058 100.9764706 100.088786 100.3293554 100.9215686 100.0000011 100.3293428 100.9215686 99.9601545 100.3266377 100.9411765 100 100 100 100 100 100 100.0397979 100.3293425 100.9215686 100 100 100 100 100 100 99.9862069 99.8422344 100.027451 100.0061009 99.8340951 100.027451 99.9723917 99.8748402 100.0196078 100.0244138 99.864028 100.0117647 100 100 100 100 100 100 100 100 100 100 100 100 100 100 100 100 100 100
99.9968966 99.8531235 100.9960784 99.9402632 100.0027083 100.9960784 99.9265802 100.1579977 100.9764706 99.9143497 100.334746 100.9215686 100.0581733 99.9919177 100.0 100.0871911 100.1580093 100.9490196 100.0887635 100.3294173 100.9019608 100.0000229 100.3293141 100.9019608 99.9602129 100.3266208 100.9098039 100 100 100 100 100 100 100.0397935 100.3293335 100.9019608 100 100 100 100 100 100 99.9846593 99.8396122 100.0078431 100.0045658 99.8341049 100.0078431 99.9694004 99.8748573 100.0078431 100.022953 99.8613204 100.9960784 100 100 100 100 100 100 100 100 100 100 100 100 100 100 100 100 100 100
99.9939049 99.8531177 100.0196078 99.9402778 100.0026962 100.0196078 99.9264864 100.1578912 100.0 99.9142126 100.3320983 100.9490196 100.0581635 99.9919093 100.0078431 100.0871827 100.157945 100.9764706 100.0887918 100.3293911 100.9294118 100.0000297 100.3265886 100.9294118 99.9601939 100.3238758 100.9372549 100 100 100 100 100 100 100.0398077 100.3266226 100.9294118 100 100 100 100 100 100 99.9831388 99.8422764 100.0352941 100.0030902 99.8340973 100.0352941 99.9693964 99.874877 100.0352941 100.0229419 99.8612748 100.0196078 100 100 100 100 100 100 100 100 100 100 100 100 100 100 100 100 100 100
99.9938733 99.8531217 100.0 99.9402823 100.0027162 100.0 99.9249718 100.155204 100.9843137 99.9066493 100.3294091 100.9372549 100.0581693 99.9892807 100.0078431 100.0872313 100.1606222 100.9372549 100.0888372 100.3292578 100.9176471 100.0014825 100.3292812 100.9176471 99.9617126 100.326621 100.9176471 100 100 100 100 100 100 100.0413442 100.3266313 100.9176471 100 100 100 100 100 100 99.9816469 99.8449412 100.0156863 100.0030631 99.8340961 100.0156863 99.9694177 99.8750129 100.0156863 100.0229231 99.8586302 100.0 100 100 100 100 100 100 100 100 100 100 100 100 100 100 100 100 100 100
99.9923948 99.8530943 100.9960784 99.9402794 100.0026902 100.9960784 99.9234551 100.1577863 100.9764706 99.9051194 100.3293466 100.9215686 100.0581692 99.9918915 100.0 100.0872427 100.1605819 100.9294118 100.0903417 100.3292304 100.9098039 100.0015519 100.3293215 100.9098039 99.9617648 100.3292718 100.9019608 100 100 100 100 100 100 100.0428845 100.3293143 100.9098039 100 100 100 100 100 100 99.9816315 99.8449157 100.0078431 100.0016304 99.8340859 100.0 99.9694151 99.8749149 100.0078431 100.0214556 99.8585446 100.9960784 100 100 100 100 100 100 100 100 100 100 100 100 100 100 100 100 100 100
99.9923734 99.8530743 100.0 99.9402759 100.0027305 100.0 99.9204359 100.1577755 100.9843137 99.9036108 100.3293659 100.9294118 100.0581777 99.991856 100.0078431 100.0872149 100.1578188 100.945098 100.0933559 100.3265856 100.9176471 100.0015735 100.3293262 100.9176471 99.9632246 100.3292731 100.9294118 100 100 100 100 100 100 100.0444046 100.3292963 100.9176471 100 100 100 100 100 100 99.9816156 99.842242 100.0156863 100.0016163 99.8340595 100.0078431 99.9678996 99.8747915 100.0156863 100.0214394 99.8585317 100.0 100 100 100 100 100 100 100 100 100 100 100 100 100 100 100 100 100 100
